0.23351655291523876,0.21074885421583522,3
0.2183698208994641,0.17652960348267477,3
0.11919397903568485,0.20236779789659987,3
0.21983658476469015,0.28611141230202086,3
0.2521249095142477,0.42284405135468717,0
0.2517671865594632,0.19479874764208038,3
0.3499241870435903,0.45426475826238855,0
0.3865334472758961,0.4260938982049727,0
0.8854660412439618,0.5322688840613624,1
0.39604985682742566,0.47131536536840735,0
0.14949515586294948,0.457683933115711,0
0.23542837318742715,0.6450574048996918,2
0.3097403204237128,0.42835880185678066,0
0.032630316742207066,0.2708849600348776,0
0.2101678852914196,0.24696951238618936,3
0.1408596497950808,0.22807651069310886,3
0.20521636477812588,0.7629965256326044,2
0.1335843933560692,0.20824848876297075,3
0.04928816693536242,0.36032943489000346,0
0.6096944305101264,0.6779744453436822,1
0.31609024770298944,0.48036289626433104,0
0.3188364480754795,0.7415222446121126,2
0.29451495529976046,0.6337043739168595,2
0.048599385587913324,0.43144011073276933,0
0.356461612642898,0.6541447544023303,2
0.6085527111284796,0.6753865344254212,1
0.3958361445538946,0.44924768172241203,0
0.24289556620832364,0.7304301831105183,2
0.2476118734403805,0.7411203166136244,2
0.03852735846753785,0.5071284657096446,0
0.6876859861975825,0.6623105521995788,1
0.303598551834547,0.0882451194663475,3
0.16137632082890896,0.44220668770704574,0
0.17342482185932862,0.4904174318782175,0
0.5543866135671549,0.42740705958061076,0
0.09729814930441283,0.38756056232235203,0
0.44338747409853063,0.1819870954381796,3
0.053793242180075196,0.46828828959314983,0
0.5410324921145072,0.4272073573130497,0
0.48711800364210034,0.44536999837813196,0
0.48935061082033504,0.44577813262741195,0
0.5590075398596664,0.6354959632533251,1
0.241023037855019,0.20016074075437984,3
0.6606769254270034,0.40883863873115167,0
0.28860720177807253,0.22460230673505555,3
0.39744008329113,0.6986082299394785,2
0.09324773258403085,0.4078419055938085,0
0.20856072153108074,0.15838404122549177,3
0.13379910476266899,0.3338336691759505,0
0.31727371062835164,0.13708814994044793,3
0.3586266694901059,0.1741510795526624,3
0.23501868317302343,0.49695031041239324,0
0.3605146907926974,0.1378703734282154,3
0.06485174882138489,0.47517529152206905,0
0.40028134980689967,0.10479749325949772,3
0.5227291189878979,0.6519646233537052,1
0.7506229086496405,0.4113861280396487,0
0.4301853094582525,0.7857241949326139,2
0.6952037198217019,0.660629737186117,1
0.24543845382089702,0.6395391160588347,2
0.4367534440073523,0.1487389192372064,3
0.28821519780720495,0.4723649668535562,0
0.43100817569983396,0.4697880859978477,0
0.5449016314112451,0.41012194932843105,0
0.4775908204356649,0.7337747835906334,2
0.3693134643462036,0.09617544230010422,3
0.08750726285272414,0.5123694794762023,0
0.2688822113996635,0.17381218630939788,3
0.41378845266002307,0.6852465239164235,2
0.44575363747524466,0.7296407414207812,2
0.537733496736754,0.7696265821805066,2
0.6054452852886862,0.6374627180079807,1
0.44736351886027603,0.6110022924717905,1
0.3051089775040092,0.7846466839352161,2
0.16189957807444255,0.15018256178447797,3
0.3528840683266743,0.6900500643281036,2
0.28234027954532315,0.4746125669919955,0
0.18526210795928266,0.7678003138226289,2
0.32187918435154983,0.21764034941090626,3
0.25770782049737817,0.6909329957618985,2
0.09835720247652158,0.24248569825052346,3
0.42184361694144235,0.7548738570796348,2
0.045345675831222954,0.30670400227929495,0
0.24990854656195471,0.6030093001773577,2
0.14755302646975976,0.2416778569001976,3
0.16123542997605222,0.25963586120833926,3
0.20257590813735116,0.16499184678877044,3
0.21600549221575993,0.7900641643451747,2
0.21981631756882536,0.6372562742954074,2
0.5115182771058783,0.794096348074822,2
0.07045400756089404,0.23090300798279684,3
0.2433891542836334,0.21417911737417017,3
0.07691225644700816,0.45215457425846006,0
0.3042276510173234,0.24663340801741718,3
0.22740671657515044,0.47521720210360274,0
0.8737679675521567,0.5300906339928109,1
0.1799439322930615,0.4792894166915158,0
0.051671444224005936,0.31715565282671876,0
0.1943019651190535,0.7063657893261875,2
0.08793014445107183,0.48042208079026805,0
0.47488138046644934,0.17521854446656948,3
0.33789907772907934,0.4748392663421839,0
0.5998398261518624,0.8051908041872371,2
0.07569524665003236,0.41948533710318325,0
0.5894124174414844,0.7673955680059187,2
0.39501444280746956,0.17423212021790613,3
0.838390060071553,0.6052260610698492,1
0.7149696080207625,0.410528744745545,0
0.1520634972522289,0.384362049823891,0
0.5492060015316638,0.6547796463094765,1
0.05129348881010598,0.4723457089750618,0
0.4273858400536137,0.7091820530968405,2
0.26653468747910136,0.15085414690531085,3
0.233145329046764,0.6165247449831447,2
0.0751993881491213,0.36812297440162867,0
0.7203041945440052,0.40225739563718854,0
0.10538594207023455,0.39529154049872584,0
0.24141196214540506,0.7266254852272858,2
0.31270768593554166,0.6858869836006646,2
0.6507105164032331,0.42353582684831304,0
0.5956491560373849,0.7622503785208021,2
0.4120241099099108,0.14646054300661526,3
0.17038970778313234,0.39312168640936707,0
0.5033302522790217,0.6423406606843948,1
0.2741687828663021,0.25544842306893867,3
0.6718054184603224,0.7959187019010985,2
0.4658276084129024,0.7824582028213902,2
0.04382117280551401,0.41494207193361343,0
0.8287173182126004,0.3980508582795599,0
0.5124774485184228,0.7972511914752158,2
0.22347031761819136,0.6411625792494396,2
0.36603656315668953,0.709398384737357,2
0.09440347547261452,0.4309183121590633,0
0.3732298556892093,0.7594669298974459,2
0.14086943535660745,0.22297102168332095,3
0.42743759527831693,0.6239058706163632,1
0.19907052052769802,0.20821265302150038,3
0.2760108120736019,0.21924703649019628,3
0.4261356920380751,0.14220662500506465,3
0.6663619201722558,0.7974271045359071,2
0.16126827311069525,0.2725433585472121,3
0.14933349960322118,0.22133164299472563,3
0.4101394781267399,0.7836204889898433,2
0.03618398949919821,0.2987978629246508,0
0.13336797383729804,0.3334571012957811,0
0.3211725146390547,0.27789301454811566,3
0.1490380783296975,0.3872643029805769,0
0.41552296873322103,0.10880991038534471,3
0.43455155892339903,0.7123674693766,2
0.6841746263757285,0.6599852972586072,1
0.3799975684871376,0.43615269651792143,0
0.4869246676559995,0.20316756948453574,3
0.7961616116340113,0.40463069726549195,0
0.26007039681734756,0.08530020102682201,3
0.297301410056914,0.05391994474246853,3
0.17554358256311464,0.2544208954930858,3
0.38166557505640564,0.0968085770071534,3
0.41569624665813765,0.6168810710160915,1
0.3957993958379321,0.4143999829209286,0
0.29246086343727595,0.25777847240371743,3
0.21858928557985446,0.16872533960792668,3
0.32206891640755997,0.1628030438242163,3
0.3878836874794216,0.2575152308663733,3
0.06118143403715448,0.26021305527798977,0
0.485953999758885,0.1935771013933829,3
0.22919101163020084,0.6875800153443345,2
0.3836577771074978,0.686131806173001,2
0.22010297044634552,0.09584415474994468,3
0.31180804711973154,0.6784256856743994,2
0.1933373579549732,0.764399484996985,2
0.4985077399222475,0.20391049290268382,3
0.37217024706026414,0.07886829492056247,3
0.5669454892703033,0.433545386668016,0
0.36772462147408347,0.44375914838371544,0
0.15623380584540647,0.20098029484098068,3
0.08807194721816747,0.2269744340064508,3
0.4244167395834072,0.21419724576886756,3
0.06168008875601372,0.20400675859989004,3
0.29939698890856026,0.2107572214950899,3
0.32558462336456806,0.24399351065975694,3
0.10525682694184135,0.5053887371047423,0
0.54923323436138,0.42651486418224627,0
0.1463627676931366,0.2516276984932818,3
0.33857995005280106,0.6960429198942161,2
0.8043319789482545,0.6126605315091379,1
0.5407512864503733,0.40975957156102205,0
0.08593116595246408,0.3943272558292381,0
0.009808907546960066,0.2115725247892709,3
0.3066933281734099,0.17329013570531948,3
0.1819507077418031,0.46240840348800627,0
0.3052478856766567,0.4192157443713278,0
0.43597552602754464,0.2639824003755633,3
0.1543447151192433,0.1327485174016182,3
0.033428211479932024,0.278239101168102,0
0.06375938503660816,0.45619285808559806,0
0.3094148910389505,0.13367504918352613,3
0.21819056690872274,0.0905801496335199,3
0.3469152755003422,0.12199705043623021,3
0.5364074591396448,0.7926748303781457,2
0.3476370090748715,0.7372575588316939,2
0.3465878270066046,0.1193767148808087,3
0.3292856515101864,0.22527158225538657,3
0.30413288184159715,0.6681641634689088,2
0.2478123004039433,0.4685240569037493,0
0.05457617447444596,0.4928503469015211,0
0.34707599310296733,0.2388291486318681,3
0.5269032681468009,0.6496640101877279,1
0.23472838104357707,0.21964592444718967,3
0.33257859190740824,0.7309770743384236,2
0.42398443127876806,0.20856661441225155,3
0.2683676293055387,0.4934852040942417,0
0.37355230395210837,0.1417175441966808,3
0.06797095310069523,0.5117492132783482,0
0.2121288162441778,0.50274701076404,0
0.5787072356421974,0.43572848820519283,0
0.3632922534355073,0.2178622243377537,3
0.03021172191114685,0.429294171915124,0
0.3794896289360963,0.7967228958213105,2
0.2683431357735844,0.2838175743418577,3
0.2816792185508462,0.670571634925216,2
0.6621493976202975,0.6818960767142175,1
0.3891088448927317,0.12450187559056136,3
0.25054979646450914,0.6312961542237212,2
0.10059031409163499,0.45252809339292255,0
0.516335929148888,0.7837297327304067,2
0.33122251778788236,0.6602628685595814,2
0.3303992433177486,0.08159941590296405,3
0.47496399141014256,0.17434204993371683,3
0.24389579832470476,0.45744623087656233,0
0.5442372706264105,0.6462934948801362,1
0.28012496588736746,0.12538311384749,3
0.1551334627083839,0.39031674297393215,0
0.6276685744459687,0.6733619575337484,1
0.34751415035173583,0.22591688980791447,3
0.798723210404137,0.6351274467377982,1
0.823328827454893,0.3933922641199471,0
0.861264810942837,0.5483845789099453,1
0.8041560202533509,0.617674427438569,1
0.25651188779366285,0.6541946006503869,2
0.09473762721303791,0.3003503026963693,0
0.29936728271240265,0.10044160315229655,3
0.2938699624989921,0.46934707066990966,0
0.36904536321868386,0.20932007191502455,3
0.7861989329335852,0.64183973689717,1
0.4319370711674815,0.73696391587715,2
0.6163011167463595,0.6439765501696942,1
0.3711012679280552,0.20358353097512283,3
0.2414042813460131,0.1972746359380807,3
0.1405508946386388,0.37862498611870254,0
0.5469837669686077,0.8010410506307798,2
0.8545578279665453,0.38684673087064136,0
0.2764570791439733,0.49165434627039606,0
0.1918586068954351,0.20140778824923333,3
0.11179286698205282,0.1672497423037258,3
0.4216718939380665,0.2529077649642134,3
0.30529634289634144,0.1385372664186072,3
0.4115041944133292,0.4671250321524034,0
0.061865719343514924,0.25937117133519805,0
0.5209698234723555,0.4257846427376334,0
0.781681511257058,0.4062340752151862,0
0.04547094609279467,0.3560675653698838,0
0.3985977729849667,0.4382859272386781,0
0.13278715834450183,0.47778632678395416,0
0.1313968110595941,0.14496932095698445,3
0.23269380132190587,0.7800600012397965,2
0.2697836996672486,0.6168791726979845,2
0.04563086798184457,0.2530901691863978,0
0.321355999586733,0.46901786050401717,0
0.5209612980441294,0.44910441983700256,0
0.33442546161830855,0.740241514584191,2
0.5755199813844399,0.4047380075738437,0
0.2032498791266416,0.7252926944772029,2
0.2583015860390102,0.25800826369474783,3
0.2796425698156626,0.14443191507601283,3
0.05763123262248704,0.378845437526924,0
0.8424828310814182,0.6291674542068829,1
0.13639678294648672,0.14996927383458114,3
0.2814821552074497,0.21925345545652086,3
0.603862862694876,0.7931705063273727,2
0.46972691539810885,0.42720961885843156,0
0.34451122537804435,0.05554112289096147,3
0.1039707412467431,0.38354918021807494,0
0.06847657113490901,0.26830953729772056,0
0.3822917051334871,0.4237201952875421,0
0.643478463399147,0.4167570746176753,0
0.3945344915585426,0.4138497923250978,0
0.4511100746705944,0.7441330014055885,2
0.43584781834991226,0.4406228840194665,0
0.3269160117055667,0.04119496913123866,3
0.4218691024119261,0.619071051399022,1
0.1399662088902055,0.1413180735649544,3
0.14577407083249638,0.23694810067528882,3
0.42004214893829794,0.2385738619463872,3
0.10874856864411553,0.5132480104095606,0
0.1292172289159964,0.5210850124641322,0
0.5676977549965232,0.7623674910321088,2
0.09113365196948475,0.34985557500247566,0
0.44189925018498377,0.42187244383561184,0
0.047905831246682795,0.4879768107048378,0
0.3226225283998968,0.23101722525890267,3
0.1795747331710077,0.4751339712940985,0
0.2311033319288167,0.4596770174210624,0
0.47014067432870854,0.19845000801207346,3
0.3369096915644061,0.25058251495836215,3
0.25726701478007197,0.6268204673771045,2
0.20299373526837794,0.1781856781863711,3
0.24324886585542638,0.4522025058631567,0
0.37075113134002324,0.18407964003735244,3
0.3272562113334927,0.04233158405561832,3
0.029462473552065105,0.24769151978754844,0
0.1444394913317013,0.19387551333521935,3
0.4616930885516656,0.448159168263665,0
0.24676571960294236,0.0951009633835489,3
0.08814913579141315,0.31223555298632866,0
0.3697836852155122,0.1220468475453147,3
0.24936335203281523,0.28358072619422015,3
0.1673973107003346,0.4065558479111844,0
0.38633838383356556,0.10862672992074918,3
0.150295895541255,0.2684433558967112,3
0.32455641451624173,0.04315429221842049,3
0.49894514314364113,0.7545487896601948,2
0.25744707595795546,0.15604900780375075,3
0.1188525480965662,0.31779077070587836,0
0.34165020520001244,0.19644392102285702,3
0.12153880934247574,0.4156019777878609,0
0.42046651080244757,0.13303793603114134,3
0.4729681713781032,0.7716129102890301,2
0.8724475354616752,0.5284302886867784,1
0.39321746039884,0.17050303973534764,3
0.706311244350336,0.40400824631164955,0
0.6108425831766083,0.6594719725013941,1
0.4098793948991376,0.7524639980596785,2
0.6835633733844169,0.4010854037477981,0
0.18795830434470018,0.1475941879092969,3
0.35046166128768863,0.7743428377862625,2
0.3774492798577659,0.2628635099032872,3
0.5276252654367339,0.4237369889442889,0
0.272646280863981,0.2239763948717488,3
0.4709380571878987,0.7935558474289854,2
0.049969212295340903,0.4941855752874449,0
0.2521677451983275,0.7832294553856212,2
0.8597665268964426,0.526907343021169,1
0.08386707322193021,0.21572548560194182,3
0.2228609118352578,0.6096157407170201,2
0.34745787805609196,0.43329432276376134,0
0.029251119328823072,0.23344077808343955,0
0.42373270073323366,0.7692624345856575,2
0.21835192596101638,0.6588841020257686,2
0.49979083879558084,0.6451108238732849,1
0.3497529062817122,0.242350880596635,3
0.2287853259676771,0.2177545864498881,3
0.359732425532199,0.7829583055379712,2
0.4901492363162222,0.41090087448167,0
0.09461403486057929,0.2026314665295409,3
0.8533353247649614,0.6033062746483636,1
0.42169224965550545,0.7955054904720023,2
0.24641513046514096,0.19031547810960658,3
0.49238340289522864,0.2559578929903167,3
0.033582515540752755,0.3939541231447703,0
0.4015293413553196,0.46427347821628195,0
0.20432002883079303,0.28541211722325655,3
0.23235777878013886,0.14300178687949194,3
0.872885851150882,0.5403250299326682,1
0.3132152055152343,0.22731264273482055,3
0.39434704899977846,0.7445146093492777,2
0.35158923179483126,0.14386662629467506,3
0.5006593083503466,0.44699956293401744,0
0.3184854318886695,0.2068494554055359,3
0.3800502636848129,0.11176840503671537,3
0.06133122250593859,0.19669411688076488,3
0.28032939691653924,0.1786537732788832,3
0.4974200018155094,0.7429489705618652,2
0.3075960309715817,0.6940104594190979,2
0.28516959501643435,0.1707405367415472,3
0.2114559449885023,0.19437689111943912,3
0.39537276393451415,0.15723817418105568,3
0.42507071336598556,0.18707122866648618,3
0.24340788008826497,0.48414380014656166,0
0.3400779915041021,0.4451527469565817,0
0.6097123989451718,0.6434682586078965,1
0.23013891298366262,0.10548798147968708,3
0.03561238420766477,0.19666788917156042,3
0.46455632524714585,0.7235444855658645,2
0.11089267629774013,0.42648155505397367,0
0.2523204240360898,0.14001375952712758,3
0.16343870461931143,0.2294623837964962,3
0.48019670071418297,0.6218609171109925,1
0.04453425034348191,0.5380279033988677,0
0.22583529794244828,0.6559045252916209,2
0.6057923729588387,0.7779706304148017,2
0.11257362641097501,0.3742950897858336,0
0.8435966582571195,0.6008606637541148,1
0.09398716497927428,0.3183559886364653,0
0.3135416638404127,0.771838396832024,2
0.3625445867302568,0.08009737568810604,3
0.12764550847781864,0.23993095992134006,3
0.15744970324573937,0.19910739666616695,3
0.512963807244203,0.21255004448399561,3
0.7324104850629012,0.6924129163476758,1
0.30003961346481245,0.7798759642579014,2
0.23756684449294163,0.20558378089190688,3
0.23111230553790363,0.6421392947931438,2
0.11662656354276069,0.44492960243637747,0
0.8055265656218826,0.6374843305941997,1
0.1473327725033634,0.5000109145064343,0
0.3558956045555288,0.0803629483815903,3
0.5809595084817091,0.43975627637342396,0
0.5778514540897114,0.43575864450462465,0
0.2537922340792427,0.681966939967549,2
0.05363550772496217,0.4407723918848089,0
0.21425122515440032,0.20012026220273182,3
0.38924236842970683,0.7736938144706234,2
0.24369648915235287,0.4996518576148282,0
0.32471654952898066,0.7146490796037074,2
0.37736025886085844,0.22420626521793285,3
0.09582606542734218,0.4507321061835615,0
0.2565161616317646,0.7383292230734751,2
0.3842436070294356,0.11847285805731222,3
0.09203559565754527,0.34419085141051775,0
0.3920320121669508,0.6748493944843847,2
0.6445367778795219,0.6413425218845886,1
0.40013818474437046,0.26142811326986304,3
0.4041151419991562,0.10727584988066219,3
0.4184371689765024,0.7768934115434323,2
0.17610417860520677,0.18904678154275578,3
0.5477902743388547,0.4132115744853768,0
0.29709412187124273,0.6500819645874661,2
0.3422879441148716,0.24480147017751253,3
0.8549613194753601,0.5714794694055059,1
0.2184740314832886,0.43712645633825264,0
0.3254091683387714,0.6553579553582443,2
0.04145659822493597,0.4466949812528702,0
0.49838278929836455,0.7231546738189402,2
0.3068610748515196,0.1583360758252509,3
0.35237923445454955,0.7130552162679413,2
0.3665303658674042,0.6764749253861079,2
0.6626638968132847,0.6864897706406693,1
0.3850751344820258,0.09599778018654814,3
0.40069213646873203,0.4378149423670128,0
0.2723976947625474,0.4792046681468577,0
0.1612684665799422,0.22442116437749893,3
0.8116365046120105,0.6159247919482725,1
0.339279457987544,0.4225079823012631,0
0.1402070590722414,0.2486290170963611,3
0.295194518514016,0.23678298370826545,3
0.02865787832436706,0.4771082479560438,0
0.2046535044856339,0.09889374540288409,3
0.5516114324513611,0.755877716670682,2
0.1925297883298257,0.755262351301376,2
0.06044608570071952,0.3537376093444228,0
0.3745413569124202,0.10709780199602636,3
0.689832690056964,0.42484514792594463,0
0.2234751961996898,0.17678437022140236,3
0.8119495146936769,0.5898512602777437,1
0.34484361746855907,0.1800082115384658,3
0.2881070759661998,0.1458256381836771,3
0.6241871990277508,0.7953345778522626,2
0.5392112090138633,0.40427326458344426,0
0.31705264997446614,0.13481250598395667,3
0.15967722935544792,0.461146393355099,0
0.38367825351152385,0.09346856003753468,3
0.35710464902442096,0.7000713581611007,2
0.43112049413307185,0.2619976234134931,3
0.6647127187930841,0.8009079066228355,2
0.1690400218205046,0.18054159128346625,3
0.24043383197238088,0.10791288924163067,3
0.3250424670153491,0.17661924684203,3
0.10240173827650223,0.38903804789819163,0
0.5665164450866079,0.6577432291359668,1
0.4357661471896441,0.7930834980466991,2
0.7391641649418522,0.6662557138941939,1
0.05818199052262829,0.3277239927910064,0
0.0813472780378679,0.4283736529237935,0
0.20889756522523883,0.7837830151436639,2
0.4417720659846208,0.44849205734894815,0
0.170495960170843,0.16823676113162367,3
0.2132278960973788,0.42174054539840133,0
0.2528152640110336,0.7737520088251841,2
0.23092366882158089,0.632110121044994,2
0.056880072594050146,0.22573562432055072,3
0.6770430209512781,0.4264988198177745,0
0.14656468451799542,0.36420148909775985,0
0.05493817547165447,0.3703474726975484,0
0.11461955061811413,0.504071566836509,0
0.2746375646903344,0.7101135927020341,2
0.49016948986303055,0.760523540931498,2
0.06760073624072616,0.40827445224405623,0
0.4129135866332978,0.43445988909626265,0
0.08189035009917622,0.5076960503647878,0
0.37991257152454183,0.20087577318638394,3
0.236285318025084,0.710207765722773,2
0.4140043845867879,0.7319318305099564,2
0.22832475766693416,0.11938890617956754,3
0.09033737971594002,0.4340922302401097,0
0.2635524533972099,0.6282479231884918,2
0.5010995654855681,0.643105075306168,1
0.112751545303725,0.36285948342099095,0
0.35232847957122215,0.05567155021941794,3
0.11758250135056203,0.49695676159021107,0
0.2309065775270691,0.7177443588561946,2
0.5542418478471632,0.4058761979056591,0
0.03803315013641173,0.5247093367427126,0
0.28208191340280886,0.11873592257520349,3
0.8747908332591945,0.5550503192955675,1
0.1326465145157475,0.23050389608279487,3
0.33628782325755757,0.4403084129837437,0
0.34843296979630134,0.766235276760429,2
0.408285521699546,0.6790497681173951,2
0.3480006932348414,0.4668162104402179,0
0.06086455124421852,0.3985007549359296,0
0.2695817263728669,0.42170975355984364,0
0.4396716753482234,0.1779222464160486,3
0.3691084231874232,0.6725880921368657,2
0.43126975933211764,0.7044351299898265,2
0.09407894203948952,0.31114316407054177,0
0.3612888866478423,0.0831428675481184,3
0.3063347121496458,0.4424393436168078,0
0.39355419247656775,0.1932223701540151,3
0.233475884596265,0.7407892986450538,2
0.22605846023337406,0.6809265021465475,2
0.04489003982652806,0.5031940408424702,0
0.3335400362052042,0.1512845704120407,3
0.32274059602444394,0.6888479392195221,2
0.10968240545947094,0.5165624427518984,0
0.5668316469897419,0.794226791049647,2
0.5102185084327732,0.6437366603489755,1
0.33383719000199985,0.7217999671254494,2
0.21269264716203196,0.24423033806643646,3
0.07872553687166206,0.20831374175257145,3
0.23901837635457945,0.0746551705288937,3
0.47733469234893555,0.4162518843413482,0
0.5038623704850533,0.7459435209845973,2
0.7536672353668632,0.6623274144633386,1
0.25845699134963707,0.7404524950554635,2
0.5040476427792565,0.22491291578263184,3
0.32172314807929925,0.09787061640659167,3
0.09873214774538153,0.24365329366422528,3
0.1610360310188632,0.4055168163476349,0
0.23905935009598922,0.46472078668436223,0
0.3241636318038278,0.6768851872811441,2
0.6008703297415313,0.645882778255922,1
0.200645607402412,0.7672438336819664,2
0.5451043680622755,0.6270061393428799,1
0.11650204457040403,0.3885545780651942,0
0.42888972322346,0.7220991809113175,2
0.6245055814867745,0.6437848212880393,1
0.029084490063278512,0.2431698970847187,0
0.2207359535509109,0.7626641518366853,2
0.36146994014860545,0.44967807903587476,0
0.44652991431001554,0.43437684392336384,0
0.09742768389026824,0.3337700201875671,0
0.7316940977297527,0.685642149353282,1
0.4524587340850301,0.7139757156852875,2
0.49213118684560164,0.42959297184575973,0
0.21511821817355614,0.7429667870524556,2
0.34353871437691186,0.7273428853479854,2
0.5957397424102908,0.646578653208793,1
0.09760221294423321,0.49291109830192914,0
0.5208153110028716,0.6303316427086286,1
0.26977688510655307,0.6424528548016254,2
0.48229246008245785,0.7530133268086214,2
0.13875435572931472,0.16809852436596584,3
0.283349039225414,0.7305993466170074,2
0.31069133350359746,0.6310008121818498,2
0.3579420026507836,0.15934518718562196,3
0.19671484309039022,0.23545328389280373,3
0.24782065454354973,0.7514341167009847,2
0.19706756671388104,0.21847210198473255,3
0.313110904424047,0.7751966177489935,2
0.23805253577116636,0.4668539643207409,0
0.33728428970821933,0.4427214368624487,0
0.6762986899041121,0.6967690034205526,1
0.16306430437385733,0.21107901086932557,3
0.03837753801973742,0.19623336714124506,3
0.16085081842670013,0.4041416831300867,0
0.40657458154647863,0.44695935454232083,0
0.3520649164698,0.10558747275051428,3
0.037631041393,0.4718313651024988,0
0.31573405893725714,0.6693916159469684,2
0.505386436399858,0.20617760115076544,3
0.17506801581174836,0.14008646361394894,3
0.1723952642663562,0.40403638745657044,0
0.19859382410433923,0.4983826377807201,0
0.39904059311913487,0.6042073255925067,1
0.3715592628345904,0.4656548518855035,0
0.33250861971442247,0.6918374896838212,2
0.24650646410875676,0.12555769122612637,3
0.39459446889270466,0.23150455245980028,3
0.4774921242579705,0.4118573772918771,0
0.05169060618602095,0.4412315511578242,0
0.28086085887783396,0.2405744200037797,3
0.08108680639107613,0.17174535173177763,3
0.08285471390330712,0.5281380104030956,0
0.13912147729392588,0.23665985755319108,3
0.22132868217281487,0.19446698412850227,3
0.15564745512211275,0.4949886024240864,0
0.26897887433771783,0.12354233492763911,3
0.06989695949853159,0.3468995553903067,0
0.19886708769806016,0.4275039681030829,0
0.4093671658845883,0.2578065974404141,3
0.40558950097783864,0.7641572461261853,2
0.2763744402831052,0.708723942873942,2
0.34922646510625566,0.6785473254765297,2
0.3732447885001814,0.43483541186465924,0
0.36793190805483655,0.12357793252194715,3
0.053618952516636176,0.21278572637079662,3
0.559669592782109,0.4230461297078314,0
0.43898318937878733,0.42017169502122154,0
0.07950179693569459,0.19852885941192333,3
0.239564374326256,0.6045817322901716,2
0.3038108578619396,0.4638632552521046,0
0.20980812254151415,0.2925254535269628,3
0.2866866564769661,0.28046526833562857,3
0.23190607062976887,0.16748790749934617,3
0.5427955264612837,0.24404019807490096,3
0.21767789705205054,0.1488790235495333,3
0.13178339947293827,0.3948443971842106,0
0.523655509683652,0.41796672200267104,0
0.2814277941893134,0.6365787585000504,2
0.8739710113473581,0.5457301721626664,1
0.036349157141282507,0.4981284070785106,0
0.8575861676645375,0.6018037823666218,1
0.21316987160699818,0.17337686116857964,3
0.602065302493535,0.6478177476840761,1
0.7969639577402069,0.40101485837141126,0
0.3046298447146766,0.19531591064128562,3
0.07700087290067714,0.19095132320955843,3
0.3185901338914984,0.18918465036240972,3
0.08961098922052446,0.19060910297109634,3
0.25704918220453254,0.24645970297622222,3
0.03249831495772193,0.390996066145871,0
0.213926233122951,0.1858574308426567,3
0.4370009935808431,0.7618425110666022,2
0.08440114050590108,0.18223631240606764,3
0.45291151796338613,0.7728678935902762,2
0.3051770089917407,0.10330762504856661,3
0.462792282760081,0.22472755417684043,3
0.3966104917225928,0.10435477170892615,3
0.1410006493834921,0.2070296564391424,3
0.0894243405928723,0.21007551086810605,3
0.2527476546854742,0.7114759105330257,2
0.8460288239876569,0.5554662000884318,1
0.15512739512187845,0.4592041708937308,0
0.5539377470994987,0.743632788425211,2
0.3952403066567155,0.7186431201928017,2
0.04264286534127204,0.4612877039475065,0
0.40414169935338073,0.7506869012899212,2
0.25329125290349896,0.07990351334272128,3
0.3159410064270878,0.6559926074738294,2
0.32198305331431565,0.21589864148876892,3
0.42850024185227087,0.2337121655832889,3
0.42601495049786453,0.7950978921556404,2
0.6566907358643096,0.8091267902936982,2
0.02302463264583099,0.21516221749204878,3
0.22861502842350723,0.09063945958546504,3
0.12901175203391768,0.35152843024154545,0
0.20057270250092363,0.7252759067917354,2
0.3847163083240641,0.7725123750998779,2
0.12954310580847028,0.47242290127782804,0
0.09599774342576961,0.388897159295711,0
0.3790629065499518,0.7468053169117597,2
0.1931668559092623,0.771581175623497,2
0.12086310711612946,0.35941687262129773,0
0.6625607513657626,0.6605148066775995,1
0.23354935028853374,0.4217990902891551,0
0.23411047439256027,0.14122806442950542,3
0.4644595053904257,0.7792026995246423,2
0.6072696733796082,0.6640272622045322,1
0.37321609605807005,0.4794550500378554,0
0.10007694250362065,0.33491164048119304,0
0.3128657699655919,0.48325645730525646,0
0.29803962671834927,0.25477867502550977,3
0.3769441318055159,0.24470723064300348,3
0.5177650169741733,0.22203756619838644,3
0.17916467879810094,0.23138037245806853,3
0.4937895496752165,0.6316117930676179,1
0.34042584943387666,0.4565739450338856,0
0.2126270658359296,0.7572323782851555,2
0.3542750581081211,0.11627651854334098,3
0.17373650558584586,0.23388695716090646,3
0.18040226262164039,0.4847184218041012,0
0.22404604058044553,0.6462039940646923,2
0.2422140557318423,0.7181493844246255,2
0.6159867341712171,0.4237917306544612,0
0.8425280505410052,0.5659697588484031,1
0.3786178200435567,0.6648936694626665,2
0.38390508668951806,0.15549731230373842,3
0.32372194452282366,0.05947845799111329,3
0.12505585287517706,0.1437348984551824,3
0.04258137223527492,0.48116161261074797,0
0.37559364562030395,0.0722098266737875,3
0.5436344201640353,0.4337373844951833,0
0.19599482024873793,0.12381975620299379,3
0.6495933400279842,0.657664454668982,1
0.4470992431924784,0.24558626324546873,3
0.4296078770305609,0.43829747327712576,0
0.4330389498586217,0.18975060882856876,3
0.39087495600513145,0.09930150449517927,3
0.4363646202961381,0.7825646449794437,2
0.28409467404842936,0.18954574629901177,3
0.25108941180700184,0.49627759526425097,0
0.08368852777437263,0.18262364581812196,3
0.4912454064061783,0.4231819565288981,0
0.8988879973584933,0.48668962906438384,1
0.20245569480285153,0.16751525871282058,3
0.38796532719219945,0.6998586587487852,2
0.40061468129531397,0.7906413797592705,2
0.054741189460247086,0.2655064742135246,0
0.057312015984650855,0.2131407889192224,3
0.3077363419658877,0.7553334464695144,2
0.23948699402624107,0.19706029852698426,3
0.030978712829946464,0.24360137003979443,0
0.22872070705963343,0.14528506522356077,3
0.4534124876619482,0.17220069398736837,3
0.17199977909986486,0.14019236202598184,3
0.12443894417762269,0.2524700620080914,3
0.04503329348595253,0.47807875150340584,0
0.27051641601504994,0.48217866238538865,0
0.14780515363774582,0.1775306374416893,3
0.21790684386462156,0.6939886436168972,2
0.34828933485034663,0.7305579845834116,2
0.41448613134510415,0.44156104843944644,0
0.26199324106360944,0.24415505099082602,3
0.6744766477539409,0.6795137544810153,1
0.654090955699834,0.6685289255666956,1
0.3147228280267086,0.17180429384380969,3
0.3693180189393622,0.4156247137529274,0
0.5475352052832898,0.4377234979752551,0
0.10639891289102166,0.4469463846309486,0
0.4593989934317386,0.1894328727589789,3
0.7468403740924261,0.39964234188612624,0
0.3305722678139672,0.24333247425767934,3
0.031900493614947845,0.29418594271918586,0
0.4469477327192465,0.6233513378976148,1
0.3344184465656682,0.10422340301067368,3
0.8743966742580817,0.5408834095272488,1
0.440986063000544,0.43618725961947746,0
0.09162910893835063,0.45806375182863657,0
0.111219362484277,0.23277993226597304,3
0.20277665979908144,0.2616530203781141,3
0.3275300642433224,0.48168588337676554,0
0.343993484361218,0.1962990216203857,3
0.2643323591727129,0.6782563665228105,2
0.22527712501823538,0.7381328574068712,2
0.1841008197601831,0.2840198038539986,3
0.20317152364996172,0.7006599959631865,2
0.3570654313747663,0.69306660344158,2
0.38277840642032335,0.7986449599525938,2
0.3875817831293773,0.7678438043991489,2
0.2970426906505337,0.7581057345685331,2
0.2566064629992747,0.6553671462541985,2
0.33020269922121637,0.21187850125516283,3
0.1404603828970743,0.37805710964599915,0
0.5470140238714274,0.6268672159172859,1
0.1304375553648549,0.48653390132995844,0
0.06074085052766931,0.3507531452907223,0
0.34689754227347547,0.44953800442879677,0
0.5253328227525731,0.23469440786275442,3
0.20460180408487472,0.689926067329012,2
0.15914699868343918,0.43009380359963145,0
0.06799109792769253,0.4353118083711456,0
0.2828807773266957,0.6961876545601795,2
0.3093255581410308,0.7870052675490025,2
0.262129025390081,0.2100492386594841,3
0.20848927503393655,0.6569754599959233,2
0.8310750651711386,0.5842391276007338,1
0.45597284459073295,0.19956060564374378,3
0.3888772820941393,0.09031025337641452,3
0.35538967340759386,0.7037443232634291,2
0.32752561798743685,0.47397482745192243,0
0.25909432847337277,0.46109385707724426,0
0.21639789950775978,0.09289607941930211,3
0.7545600066727931,0.4098631870856524,0
0.33384236592840444,0.44615582619275673,0
0.40344213775129345,0.7988270329094949,2
0.6527127097832524,0.6862440997245188,1
0.14470168426801633,0.383074203312066,0
0.6167589995458166,0.6705647388722997,1
0.5880616597976377,0.6541291652644179,1
0.6293366532198837,0.6801073480567998,1
0.36727617061292794,0.7337617518527684,2
0.5880650554309759,0.6489093190873014,1
0.056269152150822954,0.4162837697839824,0
0.4678821293400187,0.7893313138154816,2
0.2779778965589036,0.17402563400690818,3
0.12464804031705634,0.17873827279025134,3
0.37219477772068277,0.4470733827474672,0
0.547508186896294,0.4202922851273587,0
0.43333260742359914,0.7838370282894408,2
0.6493471820091837,0.4229888196308703,0
0.4289705429715861,0.7292793131403733,2
0.08073818637961339,0.3975257220834042,0
0.6171138830575198,0.6605214045370479,1
0.20833340379120102,0.1106946116129105,3
0.258282967381263,0.596043421888651,2
0.31390777799777403,0.4760900365085111,0
0.3719187803329167,0.7849371080329401,2
0.24140314129089901,0.25394925859724404,3
0.08382456029132779,0.18299001159606876,3
0.6436679007820054,0.4237477816255705,0
0.36173388291766306,0.7419218155857749,2
0.21246541530116414,0.1323319740896176,3
0.38989812936486523,0.7530674647387903,2
0.14499361778937692,0.2439295070977684,3
0.3297704765564261,0.7076589787291536,2
0.3490418700056158,0.27061127063548485,3
0.37447659701701363,0.17268066171765573,3
0.4720993845671593,0.19040963453852255,3
0.29201863732965294,0.2520875011454048,3
0.2282743295697759,0.7664041308151082,2
0.44893256821491245,0.6194641149350768,1
0.2161272464376608,0.45116989935648644,0
0.35665691524907495,0.6538775194952027,2
0.282970439062599,0.28277218324634334,3
0.8854941385508375,0.5269289961812214,1
0.3141814079028219,0.2184166409873578,3
0.5881665795811345,0.764433436146916,2
0.4316515339741923,0.7304455944300144,2
0.5627022676065772,0.4192331167029206,0
0.43608776596610943,0.7729907523159534,2
0.6920224149671219,0.7000868515772893,1
0.35649187708748087,0.6558242107782254,2
0.35756180823427175,0.14757487558956184,3
0.42661857888364685,0.7733928297993737,2
0.16419078194753367,0.24723510445149177,3
0.28616798079712813,0.06364014227045034,3
0.09973359724230624,0.3178779966259203,0
0.17678180069853489,0.15422696279789483,3
0.5272198146784872,0.7750258027968572,2
0.2744698861796264,0.28394730869231954,3
0.7903261717988733,0.39978589420785415,0
0.35844291946295614,0.6688939560568358,2
0.3333215443744466,0.6417357681552148,2
0.3847226028588432,0.7459847261676544,2
0.2942340994005276,0.06468605758820933,3
0.2661436986063991,0.6073498936949684,2
0.4153695550312493,0.7188773930495733,2
0.1657918750382944,0.49628798051494205,0
0.15685092600990713,0.4764141159693459,0
0.33545625553792036,0.1880158787449736,3
0.246427261574932,0.7827867501355643,2
0.09033813583562311,0.19825248483512792,3
0.8225951707492792,0.650965802048847,1
0.11551605901070061,0.24084521617796917,3
0.46988306011931624,0.45492395633750304,0
0.6738499508489846,0.41441170369261005,0
0.5079855124031537,0.4468668850854324,0
0.46662158487277394,0.7903573166660909,2
0.45610695798126044,0.7484268577325747,2
0.3266750888687645,0.6584284633015889,2
0.3939209319074416,0.4364596627602576,0
0.3129728385537526,0.08309301961947146,3
0.332214447100181,0.2786804762691091,3
0.19267359835358333,0.45667228151538697,0
0.54610310181927,0.7502420968835392,2
0.4071260669509762,0.689899907691092,2
0.23463323036434924,0.19978328992821948,3
0.6652440116064293,0.8086002109870707,2
0.3671089770830779,0.1613962953818665,3
0.2672873512377911,0.12806358442164445,3
0.40629147314728686,0.611872477942805,1
0.08178834322290152,0.4539143908452653,0
0.30678578365020004,0.7297510726815399,2
0.13075780022197314,0.21705185020565643,3
0.3752387480264956,0.7971292442205129,2
0.28905066193654194,0.2167345740546135,3
0.19678654268679152,0.7585478551168232,2
0.23759857421706088,0.5023702439560217,0
0.6309576902197492,0.6452104730236662,1
0.4513384196636714,0.19600708836379943,3
0.05682602923811875,0.2704324299279567,0
0.19997813014460197,0.4812852678758869,0
0.8246785606826286,0.6629063149005995,1
0.2543325607287835,0.4384404505544741,0
0.18413374560298845,0.17504101363124513,3
0.49829293345316983,0.7462327429991138,2
0.35298625924820604,0.7484850593541265,2
0.14537841751930491,0.17710556130962263,3
0.1001905897468004,0.16811133476995577,3
0.2780489681409827,0.16104853235952266,3
0.30901289140032173,0.0655900484536528,3
0.32923442461603647,0.16831688226664543,3
0.09874590341193079,0.4551969925015509,0
0.34842920521909126,0.09073921931051332,3
0.22398899024893348,0.7452559472936382,2
0.5336207070803746,0.44610714394089845,0
0.3227631616337969,0.6716831914210974,2
0.2435874381347093,0.5918532214120578,2
0.3728399091486123,0.22638319671563822,3
0.15759908363343655,0.19418869164223318,3
0.34180165575336396,0.6512199863484165,2
0.8140112810480982,0.636348495779897,1
0.4037858775830555,0.6159070279220916,1
0.03487291127615355,0.38436558942037835,0
0.048600424033826584,0.43376059915887033,0
0.04007082494253933,0.4564169762207374,0
0.43020242711850054,0.1898272896386095,3
0.24192207086912576,0.08031548202957317,3
0.5117890631163229,0.4354547427597224,0
0.32764378511647274,0.2182379928129452,3
0.10199178171112411,0.36052672971255906,0
0.1251938552813454,0.21139406293047425,3
0.31821799939080586,0.42328829249395783,0
0.24300569645623127,0.6712900371947005,2
0.37894084566193464,0.2593210621501285,3
0.5452237485179909,0.771966105715005,2
0.6458302372970062,0.6633600525800183,1
0.19215702714135752,0.14580764587704786,3
0.45246023690949577,0.1853617518854439,3
0.36298962312359884,0.7583254921610576,2
0.21526736620564346,0.4713443072763541,0
0.08783700688458784,0.2142264851534661,3
0.10113869365575434,0.25150276202856736,3
0.1618571933885118,0.3718880269977941,0
0.10006422204699994,0.3406249756826688,0
0.5316196796208675,0.7774648796483659,2
0.21883844795841012,0.645046003760755,2
0.5125076495662908,0.7745539728587885,2
0.42993892687086577,0.42293857967566406,0
0.7450378177337587,0.679166739204264,1
0.2467674143575932,0.48629296475361705,0
0.27404476777141695,0.19166441869006234,3
0.1357367659891926,0.14500360590835715,3
0.4777568051659029,0.22492978760734927,3
0.029181647649997533,0.29753751626438496,0
0.40668374723595535,0.4181064498769803,0
0.430152068950458,0.17257984530961423,3
0.8610189068084857,0.5309546996827678,1
0.1194549333628433,0.48202215701469664,0
0.30063556920186274,0.038515688974863904,3
0.541511568369557,0.40583538397376373,0
0.22744470471973754,0.10904785909721804,3
0.3847411382937509,0.6717041395753498,2
0.36763013400701405,0.26837193578723517,3
0.216165851824476,0.6426740805121202,2
0.45293631002394963,0.7058940510979319,2
0.38850799593880103,0.6673894189044375,2
0.22144070955599726,0.16568588316971122,3
0.3601044791027289,0.42955982142503957,0
0.19408821020823785,0.7164963938760283,2
0.6381469326492448,0.4059813871506964,0
0.25729862237424317,0.14730218638234238,3
0.37574622983647366,0.45989502133656235,0
0.39736370923855513,0.15215597854407148,3
0.7368293312342247,0.6833945331547641,1
0.2583937863708107,0.7358380628137446,2
0.04880790432039239,0.5013031592522236,0
0.24053109739897482,0.5761910821285037,2
0.5282399520168716,0.6489449236238166,1
0.3388263130957273,0.7241856852944505,2
0.16124802633650137,0.22640875587414988,3
0.07028078522711456,0.35355112111712905,0
0.13366353141708542,0.3852023066605259,0
0.3142528658094135,0.16729418444765176,3
0.235206776805853,0.5936695091316044,2
0.12570348003435483,0.156557948666467,3
0.14223608883504202,0.22364882032947664,3
0.3380043393345331,0.7890992280380499,2
0.37046906618905573,0.7271064207000663,2
0.4115946283339541,0.46342389192313715,0
0.1268174673442104,0.41052770952540873,0
0.45739884422390154,0.42579316490625185,0
0.3288804686078889,0.720594761451075,2
0.13649452451521749,0.26240413921408257,3
0.38915698452985725,0.1143066063600282,3
0.5039114579198082,0.2165861886093624,3
0.2118935955467327,0.13268363839324648,3
0.31221847007876313,0.040840429578784865,3
0.9007362290852724,0.49135321995931713,1
0.09562849847256594,0.3281584978741895,0
0.22758762142062539,0.16032346317807378,3
0.2519540815687915,0.6142881688785343,2
0.30008494442869293,0.473225174559459,0
0.26267349329459133,0.7571780327384586,2
0.3030914278318473,0.11512085459169652,3
0.0455345163400257,0.38567630168540257,0
0.46126797895546,0.18558680070677314,3
0.39568902227840574,0.4547444407303878,0
0.2911035386350844,0.674636304629185,2
0.515642237832135,0.21796333587942007,3
0.4640274039876604,0.7045391790732459,2
0.030998695045283076,0.3010386522077071,0
0.22872427972328147,0.5863139970358787,2
0.456969444011195,0.430552551555793,0
0.45508209238434594,0.7770157133268045,2
0.14850602916561262,0.2490038617962983,3
0.1047960428964052,0.3435069480273746,0
0.19769779325689563,0.12925866179849466,3
0.27485169390633957,0.6261097874863405,2
0.05552133051855679,0.4095215597103704,0
0.1415660884618699,0.34411557404399773,0
0.04529473139599682,0.3448582138703815,0
0.05217305986540599,0.4536765378476637,0
0.16018392671746684,0.44455367164107007,0
0.3720739462487592,0.07653356860058469,3
0.037841266186733336,0.19719279954367208,3
0.228088291406787,0.11551880447569918,3
0.41967290934987034,0.6171440733451689,1
0.1704663388706531,0.14551834823931975,3
0.3652350767965308,0.20642695149146428,3
0.2511810911942416,0.5864936066448879,2
0.931649244127522,0.22441548971496528,-1
0.4232951878040997,0.38568677057827294,-1
0.5622849866193534,0.961486713250228,-1
0.5312185524162167,0.06588274757301593,-1
0.7367031235063284,0.06406464233813247,-1
0.9825656875422734,0.1682104943678051,-1
0.27257243649321616,0.5437854293973166,-1
0.14188133161477967,0.5614090900538851,-1
0.1509236170469871,0.9117220053281584,-1
0.011732857895046633,0.5266691293290119,-1
0.4483419500027809,0.9607935839591759,-1
0.04439043800433651,0.5435165486447788,-1
0.8837772085224187,0.862440925282095,-1
0.33625301108664274,0.4914737165164186,-1
0.5034673337201885,0.04791922446518282,-1
0.22789038664721906,0.35876474177574535,-1
0.7034967156598915,0.2513372229060141,-1
0.9707932435710538,0.3509382499106687,-1
0.10532854671359404,0.05601623456679328,-1
0.87209803976656,0.6796327819014875,-1
0.28546371010566995,0.8990149427412439,-1
0.48388714002712463,0.6811090662921867,-1
0.712266373452075,0.8517743555731013,-1
0.649239029956899,0.9665114311914444,-1
0.006087550532016595,0.8023823624188424,-1
0.5767817369502095,0.9552848128945113,-1
0.3595729741558128,0.8533713914280164,-1
0.675911290697078,0.6310060142017777,-1
0.8541848997792131,0.9552987996299822,-1
0.2815397196831373,0.5230537025275199,-1
0.06571963539798387,0.857194068416427,-1
0.7648421772187429,0.7591251979127014,-1
0.12771907311508246,0.009490153575778648,-1
0.8149132298046362,0.5174913775911872,-1
0.2982668796044553,0.5503041425727409,-1
0.9536617561157124,0.8672977675441831,-1
0.08876144965131505,0.5332611863322975,-1
0.753588167903925,0.5518640038303544,-1
0.5702399358561542,0.4522536747544935,-1
0.598724188932839,0.7003174458787418,-1
0.7581494410919719,0.0678688462896112,-1
0.7689912342685327,0.26468731011413793,-1
0.5253482415257954,0.2071045620114278,-1
0.8343307941037503,0.43179794979985864,-1
0.8827971583427185,0.5694239357950192,-1
0.8444389727920474,0.8110255922700869,-1
0.5051303514726244,0.336507141809015,-1
0.9411658747319658,0.7584822122176507,-1
0.7571008152893852,0.6578196544924899,-1
0.9173141393089967,0.9979947854455621,-1
0.8042621901949978,0.8626243471421999,-1
0.9893406920760389,0.9866692572608877,-1
0.9149929545626064,0.8423238346827485,-1
0.9602378517186182,0.04614092650431867,-1
0.763306732938407,0.23695988797052836,-1
0.9570587754945461,0.8758089164631577,-1
0.9663705306648724,0.4384793008674128,-1
0.7074660183214807,0.16067060248058274,-1
0.5956774681446497,0.1002035861894699,-1
0.15273896774678564,0.8993297215889505,-1
0.6562324455370179,0.8414002086668244,-1
0.019628442012124547,0.8437751671212221,-1
0.44430121428102787,0.8981475691498256,-1
0.5581969580065252,0.011268353070377213,-1
0.6851304102976147,0.8528804435890287,-1
0.9506526238574674,0.08278717399542279,-1
0.6340895725272825,0.7749717472689069,-1
0.7342288769075367,0.9036880130438606,-1
0.13727913078451015,0.5580689437651808,-1
0.6438647750225213,0.16251195236452265,-1
0.17794495389579035,0.33006143679960875,-1
0.8251416553743341,0.030877291669711426,-1
0.9450790253085329,0.8755332254826041,-1
0.1336238904800997,0.3242237087319597,-1
0.1864474167344552,0.29321886552129806,-1
0.8985043117914003,0.309560694146238,-1
0.09629400353309803,0.7818656063653426,-1
0.8524242866461169,0.487718262297008,-1
0.9982599675049069,0.475321128852795,-1
0.7550782447300218,0.24375420196642827,-1
0.6837290698716495,0.2629525485968782,-1
0.9186102953569143,0.3312022995713446,-1
0.4940799908295668,0.6714413469402112,-1
0.5149505702024959,0.8461414164873089,-1
0.7579417109438338,0.7246447804783617,-1
0.16628339549192617,0.627760727521173,-1
0.24893566252073018,0.8418225466730498,-1
0.5014556822276333,0.06069838014230999,-1
0.6238273583495013,0.9357615546971482,-1
0.35491195776178563,0.8696573641235043,-1
0.8297445038492738,0.2251609208612957,-1
0.32539213543060674,0.5000241166561765,-1
0.9045254820277117,0.225027088148127,-1
0.2653513311914185,0.5078706510588836,-1
0.4885635712773071,0.9981540654442604,-1
0.8857257411434252,0.5833365819235047,-1
0.2856453508253154,0.8499717200520881,-1
0.7983739586644699,0.9618461189142392,-1
0.640174242382835,0.9292096901239314,-1
0.6231429584913256,0.15312692677035844,-1
0.5155494762169056,0.8453250227814785,-1
0.572083113030672,0.6941369523722186,-1
0.9958682031963004,0.27018642129566406,-1
0.9618854508332736,0.513694628728185,-1
0.0420587815500062,0.569334544360709,-1
0.6433364415999748,0.7533921336793387,-1
0.7632252556997152,0.7992561382037359,-1
0.6656185457377616,0.018836929847943384,-1
0.8140665573122106,0.5426097007501629,-1
0.45541835564685473,0.6473486584886272,-1
0.9622030708854397,0.5919495829802254,-1
0.5594720491442812,0.24049415068894964,-1
0.4684040855544772,0.33495219704423407,-1
0.972204426073706,0.10206808683394009,-1
0.31599750362764223,0.8839486697762698,-1
0.9724950081196896,0.039504887746916184,-1
0.9409323265908103,0.7805314601983563,-1
0.5206768963831861,0.19884936768977568,-1
0.6938004038876749,0.9358808066969119,-1
0.8061367983738035,0.45686776361653836,-1
0.9858728467320519,0.6414404441651105,-1
0.02901111775737497,0.8447213100918152,-1
0.799178560345401,0.7267991398407061,-1
0.07965824924080267,0.7863947505845263,-1
0.45122250429159094,0.2854186218116347,-1
0.5735072099150118,0.2995734490334302,-1
0.5214351757925088,0.28010941998987227,-1
0.5206476009064208,0.6638673271756088,-1
0.6277290164937569,0.06404180518092306,-1
0.011770316798111469,0.034481734617716975,-1
0.8028682644516066,0.8680874945263791,-1
0.10268515192691896,0.8968003483690008,-1
0.14351986034089148,0.6396564844587604,-1
0.6941963282705291,0.39347771641471296,-1
0.4342252263476195,0.05713947309257794,-1
0.9470015356164285,0.1140906005746497,-1
0.15431158272696965,0.9767204106089654,-1
0.814086848197201,0.5624028751825845,-1
0.8104572539590487,0.5704818071350277,-1
0.5182574790450958,0.3630166059186126,-1
0.388819612528296,0.9126843754795958,-1
0.2788596821617165,0.8475880721520149,-1
0.6541861730232618,0.46753012545066086,-1
0.7055548212688663,0.3534958695637843,-1
0.6914371239528133,0.37301636697094365,-1
0.9486146912671378,0.13223289176738795,-1
0.6874791286365995,0.010189692808135531,-1
0.934115768228341,0.7313123708888979,-1
0.9573815210698203,0.7331992232475437,-1
0.9899096969313297,0.8988435007755894,-1
0.5746699261267747,0.452613293460445,-1
0.9265338793403588,0.9315686667541994,-1
0.7505655624736524,0.4382158979685701,-1
0.13238672786308026,0.06504886592887726,-1
0.5046557320327667,0.1366071917500632,-1
0.8557059589555012,0.1543997046443315,-1
0.8740172491842171,0.8143497335003037,-1
0.1349494168924138,0.6754152758582386,-1
0.8332310170339908,0.8014108638579063,-1
0.592161662288259,0.47745405945938546,-1
0.8665314078706156,0.2481932583625488,-1
0.46441007459669903,0.8349974211388101,-1
0.6798619449211218,0.909380944889045,-1
0.7284676924059383,0.8028630076597333,-1
0.9183354544095328,0.9028596236091002,-1
0.061419332798067994,0.5501040342796829,-1
0.3877899282226017,0.4113467184954359,-1
0.8158907732573403,0.0009163954670353691,-1
0.5941698546948185,0.5974321238016589,-1
0.5465904162752191,0.6757924185367931,-1
0.20537559968549934,0.9139957548154983,-1
0.2286898649381811,0.02575803619274919,-1
0.29903779112518425,0.8490088471696137,-1
0.6127390669813524,0.5458021678941631,-1
0.6001883451467078,0.11061624431811168,-1
0.5940669825321603,0.37543806038048655,-1
0.4642825329931557,0.9660679923058645,-1
0.8270832828585569,0.04783886373215995,-1
0.5029282099039379,0.31803843486869665,-1
0.7922847607480294,0.32682424915222863,-1
0.7830971961580732,0.744579412348258,-1
0.5510476182514581,0.20771512479668508,-1
0.9835924191691416,0.7066138304416084,-1
0.13407141431885328,0.5496122407144737,-1
0.9244081553972596,0.1837498700036465,-1
0.3462753566413317,0.5038895799338069,-1
0.32267678010246115,0.5405676284653292,-1
0.6331448543349791,0.29202406447376617,-1
0.12651609457720847,0.9794466393473333,-1
0.8120729639604508,0.9271097668514411,-1
0.8743833992743508,0.8741774161456353,-1
0.3151221895208042,0.3136943320878438,-1
0.5016839372834592,0.057112813621943204,-1
0.3887968049898842,0.290671943540987,-1
0.4263285540532097,0.3244378304211758,-1
0.5050126722119117,0.4944876845480721,-1
0.7900456217962378,0.2576487269747586,-1
0.8481668077813158,0.136645819261349,-1
0.7046664535598888,0.7742776828659528,-1
0.2513048893190257,0.8810457054867139,-1
0.49117452855334764,0.8754777429994274,-1
0.7696744963574483,0.35967406433789373,-1
0.981045181420381,0.35714189764780024,-1
0.6974984851745605,0.17647865171584343,-1
0.484403478490102,0.023685982441422615,-1
0.32966227589019803,0.32209708026222017,-1
0.6790219146425956,0.3801554075677802,-1
0.1980516204269912,0.9676158036265196,-1
0.7031676271449885,0.4664998846639675,-1
0.4864010928327698,0.38912576822439504,-1
0.916636576706145,0.6428433133656395,-1
0.8242975259037837,0.7860591546773318,-1
0.5111671836662492,0.58565153666294,-1
0.19652927905947748,0.8666175608601998,-1
0.8617393583929682,0.15068959987442676,-1
0.9507594276494951,0.6707819704227794,-1
0.24802964928383897,0.5356110281194361,-1
0.09300977788387255,0.607958711061099,-1
0.9539473377545467,0.6999698722270457,-1
0.738145093908097,0.729831758065636,-1
0.10177845404760477,0.1224512296869974,-1
0.06532387908104587,0.024632647774452177,-1
0.5266566447954957,0.07701790523109586,-1
0.6175560863177926,0.45912603245205974,-1
0.11257497475553713,0.5735866040102635,-1
0.2686035967076321,0.5225597000929871,-1
0.3166884416537348,0.5472722282299964,-1
0.0422372313438899,0.9702066070265601,-1
0.5713717376547038,0.36836749336855645,-1
0.792226370451198,0.36991093494735794,-1
0.5337064099929416,0.9357386990663056,-1
0.18221184326911077,0.5370148697599578,-1
0.5015695110026429,0.2955367462559314,-1
0.009504971879613633,0.2807098048377932,-1
0.5220111293822445,0.12156152261704944,-1
0.20190334656299325,0.3059441936512616,-1
0.14748198986353356,0.5592560593456916,-1
0.6529031312643157,0.893660624477557,-1
0.5066370672973162,0.9224747451781673,-1
0.5851908822915126,0.5231770137792395,-1
0.22902730563147466,0.5424409215979574,-1
0.943537677096188,0.531760660321624,-1
0.08883000050489798,0.9502427175770068,-1
0.023269264026362646,0.5750938642697261,-1
0.7726950078113187,0.6072199924524934,-1
0.6347296225054919,0.5376554417673246,-1
0.34729904217084373,0.9332412976442267,-1
0.7863990801871926,0.7530711934860815,-1
0.09121166807034986,0.1377736907791417,-1
0.6772718946260414,0.33401633104953143,-1
0.6733393470693555,0.5255476916826315,-1
0.28052649497349413,0.9013068194407188,-1
0.769543594366793,0.9331553517408622,-1
0.6658932083353868,0.9824704943681452,-1
0.9531010773616744,0.6724359441108101,-1
0.813886983122187,0.23236963619715145,-1
0.0028745363585856998,0.7562377090043089,-1
0.6185570081997738,0.7208334791611362,-1
0.4300293717273038,0.6344536766785571,-1
0.34464590949222174,0.9438577930864187,-1
0.36181361329532225,0.32518595626634406,-1
0.37709927166397106,0.8720738307771301,-1
0.42512057287322547,0.28286365723816254,-1
0.7751362503397312,0.9940169164238934,-1
0.12097898060547752,0.0621776198024061,-1
0.8883670678943654,0.27159688233638646,-1
0.7694727846050579,0.9993957250459847,-1
0.8523258524123193,0.9937570967070373,-1
0.6291340602681096,0.47109611092778636,-1
0.7799562195855927,0.5151702797295993,-1
0.6165522498616749,0.07467675727145906,-1
0.39466811196286267,0.839648630732793,-1
0.1117060737492539,0.6789421622042704,-1
0.024158308312727916,0.9600334817780225,-1
0.6162538290056971,0.3621580394279206,-1
0.5484739279439529,0.6198698343181692,-1
0.06189580152509444,0.7671475435022211,-1
0.8118928503158555,0.8843934194932064,-1
0.34620936477673947,0.8811401784503712,-1
0.18716808998978318,0.0768376392496034,-1
0.7548736563384567,0.05614607808617211,-1
0.12684461690522686,0.6334779251877645,-1
0.13099386472376084,0.7527451141588952,-1
0.5541434270164777,0.38940282104202495,-1
0.4337099199900766,0.5860607251323092,-1
0.9803821513053894,0.6557707517689694,-1
0.983757364430735,0.14552508403835673,-1
0.7272780883136555,0.1210848184837987,-1
0.9145512753346848,0.6331770006993834,-1
0.9683850371783949,0.3824583690486908,-1
0.7701362590478744,0.7306993918119783,-1
0.5098283002593639,0.17867745590729822,-1
0.7172539903067405,0.4757264193544045,-1
0.8935352993137994,0.16419263444600873,-1
0.1461095857072362,0.5921796390022189,-1
0.1534901712260296,0.9934295808586042,-1
0.29336620341587916,0.810292536226396,-1
0.0945096741222251,0.5687185178241472,-1
0.6685947533464182,0.15019242526708354,-1
0.6321236399151641,0.8688459761066573,-1
0.9057032753343254,0.28304192138757844,-1
0.7968872557242266,0.2842765396506197,-1
0.7412307777478876,0.4946421930982712,-1
0.036797409442860585,0.7362393088648274,-1
0.04236349004885065,0.6415003718855699,-1
0.13704055940687265,0.29391768357961257,-1
0.6753243237977608,0.9709980199104912,-1
0.9530990703796123,0.6847571661062012,-1
0.5731671260112968,0.45047195484219227,-1
0.9475007871593877,0.7098322335028328,-1
0.8220684026886038,0.7496979387758563,-1
0.8270560642709366,0.7743674502009963,-1
0.459589884749394,0.6413417703445478,-1
0.6899869116306272,0.44372271122878604,-1
0.9100709312231128,0.269249202345506,-1
0.8873106700616696,0.683009492144702,-1
0.11865850086510554,0.9759681151570357,-1
0.48942741436858284,0.15043364204679943,-1
0.38806339351958696,0.3059940695543091,-1
0.37277573441569256,0.5424511691909298,-1
0.9907379097808843,0.8601037135022886,-1
0.4166647911213953,0.8116546985180374,-1
0.9498664770184277,0.9549754591960683,-1
0.9077266778179937,0.14242044542577215,-1
0.37094720292688543,0.025670263935178128,-1
0.5995296931728608,0.11124833914188526,-1
0.23758775605512206,0.3770036316457622,-1
0.7229048150910644,0.013770693730742689,-1
0.908951884455167,0.2971669934507012,-1
0.7283771548326831,0.6023789490053229,-1
0.7841920901909533,0.4840941740275534,-1
0.8587514846973449,0.9020394962664632,-1
0.6440215531356652,0.7314878393610649,-1
0.47493498859997907,0.06838206266603286,-1
0.6049542528754414,0.7310687860654684,-1
0.954858389276142,0.7249663793621486,-1
0.5488941926679387,0.8445402862841119,-1
0.4958308642412613,0.8179169039273803,-1
0.497898480819831,0.3371626998598177,-1
0.8699179869627927,0.009456793384098328,-1
0.6869015650025047,0.9952955029132595,-1
0.7086022820485883,0.63322117457332,-1
0.6935285711670911,0.9244506293119434,-1
0.40509003501173657,0.551362393417359,-1
0.30371669171969484,0.9853452144620902,-1
0.1385732411824705,0.06835731275098123,-1
0.3678982104154377,0.847798738432607,-1
0.7228253160662832,0.09445895774406188,-1
0.04782438250056209,0.6105098579670619,-1
0.6671886813856805,0.37887351344253994,-1
0.5225566019813805,0.7237690677863056,-1
0.5851399225364032,0.1699012439837404,-1
0.37775246542238394,0.8367016228712633,-1
0.5403996402702494,0.1378947852814062,-1
0.8078366507367237,0.1208324092531664,-1
0.12686255534924373,0.9808226367911981,-1
0.05333080945344082,0.7460991625671568,-1
0.13940809082716688,0.5429847998198113,-1
0.8245425350466922,0.7268521319033314,-1
0.44018245834655945,0.5898937504143218,-1
0.49987730847302136,0.05363877574001552,-1
0.49986036338907414,0.3245441254693471,-1
0.629449110326435,0.25484727496123516,-1
0.4484017843470216,0.3460457402642033,-1
0.6516089915767875,0.30790370914338405,-1
0.5176585122413011,0.5737365253576905,-1
0.3393844775165702,0.9320740195143639,-1
0.15343178981971883,0.7026635906211585,-1
0.5771762575861561,0.9734476744112224,-1
0.4866539678517987,0.12862653892264586,-1
0.8091271838792655,0.7243125267341793,-1
0.5436124140895412,0.6039430078942675,-1
0.5171868695633182,0.17254000771193623,-1
0.29632499689385317,0.5115359398249456,-1
0.6725388978113401,0.8297155195263274,-1
0.2848380110317633,0.896406082064243,-1
0.9279401844826425,0.28629073958622975,-1
0.5147208370270816,0.6828099791978373,-1
0.057844713057723984,0.8514888183316103,-1
0.8262401274190591,0.5013017140740637,-1
0.4826281076294655,0.33797492613642277,-1
0.49445341158965617,0.16583224651966733,-1
0.5241530068132307,0.12776134210224277,-1
0.6540391241260326,0.13324482673938443,-1
0.6025121337016689,0.04096962611591748,-1
0.8952196994632053,0.7073382897211457,-1
0.8621365968347874,0.0016984949510904235,-1
0.581466293227702,0.606809458409683,-1
0.04945853761133523,0.5442881588571075,-1
0.7373041030699334,0.64772892181749,-1
0.6397839133965393,0.37735284703863936,-1
0.8528127590467212,0.8670120581192179,-1
0.6900649353441387,0.5651306251517224,-1
0.12371126390884457,0.5947814814408394,-1
0.4053167575130667,0.3629690996936955,-1
0.8840957065519061,0.7633432570935639,-1
0.12693221996356274,0.9002333865850608,-1
0.8565536817252087,0.3748782130110506,-1
0.8980070440407326,0.26489356956769916,-1
0.8431653129614035,0.5445823731406628,-1
