3,0.2142801258044252,0.6427350732652297
4,0.46943236589631854,0.19783445351734746
3,0.35721678456460987,0.6689948813807668
4,0.2991414415930766,0.037656556714927965
1,0.5776424887639688,0.43550450785771627
1,0.5471856949906286,0.43747235380299376
1,0.824257885905881,0.39307360403398317
0,0.12463281029028515,0.9006866387012171
2,0.8867113930174942,0.5268137107689619
3,0.39418476304841704,0.7188198127841163
4,0.21796787618263144,0.285629364949212
4,0.4302312896289285,0.26147885107520397
1,0.04662880232103489,0.35996042059276306
1,0.10730302630807713,0.5164313692484908
4,0.14630663484702877,0.24846530015221513
4,0.36861012562191997,0.12131493203836025
0,0.5209646667491796,0.2796182316962026
4,0.1591282384201253,0.22384516363691034
1,0.4766597350894259,0.4159680391260418
2,0.8740446540779192,0.5402301464469125
1,0.30486700550222673,0.4421953815719928
3,0.3868760570208832,0.7000067428035825
3,0.2481792504507554,0.603009884041871
4,0.30315423440197464,0.1946955829294411
1,0.19801735844393556,0.4811004676887505
4,0.0959253200988507,0.24193720957745676
2,0.5005347813353183,0.6431667244644749
0,0.5986119887665292,0.7004662287302764
3,0.4303812468167036,0.7045901840074097
1,0.03581810722365112,0.5069830243290981
4,0.035667592161526464,0.19561443670326878
4,0.19572645008949038,0.1285377298338954
0,0.5171704946807514,0.5736925272021868
0,0.14129735025815368,0.6397128815073783
2,0.5488642369380967,0.6548590756780408
2,0.8759584676022891,0.5549778622632969
1,0.046146313241935896,0.5011488460663222
0,0.862846486562365,0.15000130696245925
1,0.10298664466759845,0.3949757730062253
1,0.08866828149419957,0.34947060914594524
4,0.38807323879868266,0.11356290265596329
3,0.23875832775386902,0.5761508221588078
0,0.31457459333513443,0.8843771204980163
0,0.6727688998420985,0.8300613738443947
0,0.6162228956095478,0.3617918100326583
0,0.8260791180068939,0.03000652623925952
3,0.3312325509281808,0.7311725513292161
4,0.13862480712372163,0.227506076979834
0,0.39360991567560827,0.8400096130382637
1,0.1468411505063669,0.38693631013219687
3,0.38361197579316264,0.7727711098299708
0,0.8997818808843122,0.3091143596879038
1,0.09499149228606789,0.3333605562637739
0,0.9058309649997448,0.22445201015050156
1,0.3949980661918088,0.4711153811622297
3,0.2732380332304424,0.6261455530712617
3,0.38361829957468824,0.746203059679865
0,0.5939331917352593,0.37509205632483755
0,0.8280024020335494,0.7746290101842314
3,0.3284114173127362,0.7078189425853307
4,0.0819045583276269,0.18159606467847264
1,0.08957440657079756,0.3437972582485995
4,0.36208859979164304,0.21727623435994226
4,0.320483541383028,0.2170540215474736
2,0.5096959993068558,0.6437992713598785
0,0.9738236661036861,0.10130574395631492
0,0.3869745779525103,0.30554230326708026
3,0.5997327981185077,0.8054993077350432
1,0.4768178969381743,0.4115668393513799
0,0.9522792494084354,0.670885771100983
0,0.9679627249870847,0.43822930778057734
3,0.4072904551676836,0.679166160544939
4,0.1313158229124899,0.20764785727094012
3,0.5373385460433429,0.769880921906456
1,0.03532160769235514,0.5245906707575962
0,0.5041074340875994,0.13589745154559058
0,0.14389908152635006,0.5921637294144907
3,0.25557183222871865,0.6268573153271272
3,0.30627513330499256,0.7555660179543057
1,0.33495897818350134,0.44006120559354056
1,0.1498805952334779,0.3840296368398681
1,0.7512149051384684,0.41109487234507647
4,0.209988063487139,0.131967922626885
4,0.3709110041845779,0.07573233703081883
1,0.6494696681320554,0.42271523468728955
1,0.06771874159892956,0.35317178351262
0,0.00893702089869778,0.03361645865699416
1,0.15870865401899695,0.4038393942535793
0,0.7511572931841356,0.437965503721527
3,0.25659249474622936,0.596033396803534
4,0.3206741529733446,0.16213319947351
1,0.5000924832201916,0.446762546024244
2,0.6107865634803743,0.6595585482273121
1,0.23626827563681027,0.46664718540875916
1,0.3854375389802709,0.4258250422799564
4,0.08559238274750353,0.22640232183194134
3,0.39096159501746197,0.6749593898328168
1,0.24193839418954302,0.49949502945619073
4,0.23283311846736957,0.19916976598762928
3,0.2567673254143934,0.7406624030668029
3,0.567441717502148,0.7626107752088422
4,0.09216479931660113,0.20202228032202843
4,0.3197735954887837,0.2773984506406349
1,0.34561788343618843,0.44930485353627947
1,0.32615615163387335,0.47377889358700037
4,0.48629416924967084,0.20255919979963893
0,0.6854187861138769,0.8532615778101594
2,0.5222646086205108,0.6520397655362781
1,0.04185284674496578,0.5379295214543547
3,0.20656796068712324,0.6570582335725759
4,0.3117793966072445,0.22674104561921232
1,0.6382174948029536,0.4056819001980151
2,0.5879000285882324,0.654207604004285
1,0.07938212799908037,0.5075514734529114
0,0.8086938879650235,0.12009864426542442
1,0.4056812549021846,0.4178254292043409
3,0.3963947377288472,0.6987544096174503
0,0.045158231872377254,0.6105218650898472
4,0.2300933156585358,0.16682519815749478
0,0.8342059815787874,0.8017136106371445
1,0.24213862727893004,0.45722512415816613
2,0.4992199874282448,0.6451755277924359
4,0.2604563829244496,0.20945134968865672
4,0.1228863865978277,0.2107982220377052
4,0.37168051805937263,0.22581018408553846
4,0.19473894296984756,0.23489408490554037
3,0.6720320201600346,0.7962130841487791
1,0.5231952940324686,0.417685488500641
3,0.24468182634625263,0.7830611325639867
4,0.15912804402306668,0.2720406471869782
1,0.12451752560114397,0.41023514648532344
4,0.22625783737975388,0.11477694691725715
3,0.5119957528781636,0.7748158169557782
3,0.34636077837607404,0.7374626009220755
4,0.24476139602602226,0.12483112270578055
3,0.3103657146745635,0.6785411276758935
1,0.029893726962747388,0.2703797229685164
0,0.08874665927386408,0.13706572710777384
4,0.2269581034055784,0.2171684325288779
4,0.3831370830679621,0.11773549950089378
0,0.7701521684447729,1.0
3,0.49837037111522975,0.7547801661326231
0,0.5538245521544282,0.3890780850661566
1,0.3023314508104015,0.4636519215994446
0,0.6238315355025694,0.9362689157202028
3,0.34224348413813144,0.727532827508574
0,0.18514793148653713,0.07603687072622568
4,0.05425590380634615,0.225161625441541
0,0.3152687345978174,0.5471879252358623
1,0.3199579311182466,0.4688143771933739
1,0.025902872489812153,0.47691708624399726
0,0.4040801543132009,0.5512843197020836
3,0.45166845289584423,0.7141452998902568
4,0.3805470995103858,0.09603822399410022
0,0.9485039359644291,0.11334656788205448
3,0.4348984797995402,0.7933735622716264
4,0.21451324926871335,0.09211976771322836
4,0.3664465906406815,0.2678628714666847
3,0.465099304787283,0.7827320848908971
0,0.5699956838558554,0.4520246598655301
1,0.07438095604652456,0.45192540843681034
3,0.36534172405770904,0.6765873963943687
3,0.42647932191540394,0.7093443366070205
3,0.36929868402209926,0.7272960027761897
1,0.554068866158232,0.4271402036069892
1,0.22928685549253464,0.45945930811580216
3,0.203279877400247,0.7632407678200213
4,0.13863463808939006,0.22239281238921232
0,0.8127688919516878,0.8848225475457878
3,0.41303583049800174,0.7321287616099819
1,0.33250218373625134,0.4459175243246736
0,0.45042649198163454,0.2849355193386605
1,0.2526237741114151,0.43819039831209644
3,0.33116225433973,0.6919733576717975
0,0.06273885547127936,0.02375237183114866
0,0.6673938800428962,0.37853274147324245
3,0.4503135411622964,0.7443485147280658
0,0.8533893399075289,0.9943527841454429
1,0.29234446979841877,0.4691440887760511
4,0.39431783431494505,0.15655985465245428
1,0.059264663774321935,0.2588483989242163
4,0.41952791486863467,0.1323227598173328
3,0.2239943990878048,0.6559856678535276
2,0.6007680789934359,0.6459486578685353
3,0.22910635948125443,0.6321550249979411
0,0.283899246332861,0.8994663391276545
1,0.11020765079791411,0.3739473449960889
3,0.37793236503800787,0.7470249001283907
2,0.6747156331772034,0.679630853589944
4,0.201046943874644,0.1775392614174293
1,0.43011845052510933,0.46958577573638194
4,0.17710741677742045,0.230814970516623
0,0.6917547374980864,0.3726666747185777
1,0.3387667174587402,0.4449129174486331
1,0.11712085927475055,0.48183847906087274
4,0.34623735010782597,0.22534316700644327
3,0.3053201682529629,0.7299446825453786
0,0.8254772201075667,0.7270413266977902
4,0.21823549673611453,0.09507233289199504
0,0.32401277828989916,0.49986785550175983
0,0.2789391424919359,0.9017617063248379
1,0.37208727446483114,0.4345798691869665
4,0.3600759454595558,0.08235170180355747
4,0.27927505649022555,0.24002302042648346
4,0.23963555970113093,0.19665729134155302
2,0.8621226949762215,0.5308455453608867
3,0.23088469824802121,0.7803302308623306
0,0.0993624323903368,0.12171993010697574
0,0.5044660290487549,0.4943229913904793
0,0.9637759450023761,0.5919333230423175
0,0.574446211321487,0.45238482625994114
4,0.054689849679476585,0.21254760827775354
0,0.0066611739461292984,0.28021953087412416
4,0.1441534372684471,0.25109313291998403
0,0.34492651557154175,0.8815643519037918
0,0.3759596269019574,0.8724841962789978
3,0.2730229113356369,0.7102772949292186
3,0.3233340603994299,0.7148196893143596
4,0.32588549597468586,0.04147826337150027
2,0.6096511396890586,0.6435304608877234
1,0.09162722574632226,0.31069923976828806
4,0.31077804037994017,0.039984837863386136
0,0.6439618449022726,0.161841664745249
0,0.09385255618696588,0.7821385859746034
0,0.8534882304447263,0.4875432594521227
1,0.15923659262808354,0.4419623713402071
4,0.05097966527792391,0.2121920050223734
0,0.5010069054847351,0.29506905360528046
0,0.7233683116140196,0.01287387512211889
4,0.28139441662358483,0.282285050248504
3,0.3275172832695883,0.7207744264073922
3,0.3552566972064456,0.6559052310356316
1,0.09338244874377888,0.4505007739371534
0,0.8147722694753031,0.23180574085184405
2,0.6053642439131335,0.6375157739307011
2,0.4187306342623443,0.6171661842099256
0,0.7849397121842203,0.48391365171470985
4,0.46051853711926405,0.1849516557267899
2,0.8320400348684589,0.5842111247231383
4,0.08713855968752485,0.18998160692519375
1,0.13831462054638868,0.3782838356695295
3,0.4024246175246235,0.799125844497515
0,0.7638756762390391,0.799555603319077
0,0.6658164652536674,0.017947827031105305
4,0.11316372440323937,0.24029422904542963
0,0.12421475574879949,0.9800205321125779
3,0.1948109749664589,0.7587853220550822
0,0.4157085705410823,0.8119730464585447
0,0.6398620645835168,0.3770097591189042
4,0.1699093008756415,0.13948808191126402
0,0.034080138145594366,0.7364428002412643
0,0.8632455665444388,0.0007832906269493284
2,0.5264581089165591,0.6497356485335233
2,0.5203419282796051,0.6303738380995698
4,0.09630200353049953,0.2431065832094424
2,0.856037024932502,0.5714320337364581
1,0.05289086262978558,0.4092274643328007
2,0.6844585712361648,0.6600726548140324
4,0.42073888607871945,0.25237514894393215
4,0.36674976375390106,0.12284834886008525
0,0.8167853491702567,0.0
1,0.3975577944341484,0.43803563957505043
1,0.051154762978326655,0.4680836951667711
4,0.13687857652229607,0.23610249620094914
3,0.3145178342162697,0.6560738842015257
3,0.23133831921321962,0.6165459126813101
0,0.6185367522604883,0.7210135076712171
0,0.8885363458882556,0.6831319151509786
4,0.20237938602073238,0.28492900483224276
4,0.18209951998161208,0.1743898075358204
3,0.2681396978103711,0.642513510641484
3,0.26814654400259685,0.6169008801698984
4,0.265638622526148,0.12734083234719584
3,0.20266246762027781,0.6900590242013618
3,0.2012255563944229,0.7008093005294407
3,0.5665715942584886,0.7945185964913859
4,0.21203012431753887,0.18522269799276803
0,0.3583520781551049,0.8537532733170116
1,0.04524005816544445,0.4878022016178353
1,0.2679436343620802,0.42143422068708936
1,0.03491763483175618,0.47163216672278646
4,0.12534940556857022,0.23937858034546322
4,0.3955613001738257,0.10359591144645725
3,0.4091530064388542,0.7838961412370431
1,0.4106149026596899,0.46321188905493516
0,0.9724059414154308,0.3505549329451592
4,0.5151448729095227,0.21737749995154007
0,0.8676607518211044,0.24765346221421203
3,0.3558723098936062,0.7002197662420412
3,0.515841780135936,0.7840055513137191
3,0.4088917175030572,0.7526921994232431
1,0.6159545625682405,0.42351936861002387
3,0.44493227172370253,0.7298341832123026
0,0.9258058137154103,0.18311192740620477
4,0.1820664415388589,0.28353457105793795
0,0.4934826641546974,0.671546151822465
4,0.3255437192223136,0.04033991732224438
0,0.9090470014213975,0.1417195586521153
0,0.09055310504232676,0.6079668328276595
4,0.3678683807892835,0.20872107237749282
1,0.14248465314914935,0.38273982896708536
4,0.34579716152729206,0.23827509100177124
0,0.6291628391706726,0.47089579274059473
4,0.32884564368022723,0.21128339823082937
3,0.2549082181357637,0.6554474704325866
1,0.2493655900967908,0.4961156282003933
1,0.12672198292133513,0.35114601208176544
4,0.2257548462927267,0.15964984250582825
0,0.058816207843530685,0.5500240441382117
1,0.2748508609350089,0.4914853380547624
4,0.47140015670257485,0.18978183463736895
4,0.3203267817046916,0.09710188086572703
0,0.11632073454405215,0.9765367102674709
0,0.7050453977656174,0.7745391061698489
4,0.16839851032856853,0.1675751922513885
1,0.06502626799396803,0.40797845750496337
1,0.19690116529373825,0.42723725969732257
2,0.6276905593339259,0.6734696874864049
4,0.5034965258092574,0.2243376639676345
4,0.2357803326904651,0.20497909105688705
0,0.958607800845077,0.876224970463948
1,0.03995269335623291,0.46107244766953387
0,0.34499281330701,0.5037392057498773
0,0.3536694534608203,0.8700640493329312
0,0.2840817291122194,0.8503484243636513
1,0.17835073796872253,0.48453885023565735
1,0.10239401071740278,0.343112313272981
3,0.6649064389747025,0.8012098873399863
3,0.23778712296244298,0.6045847109346694
4,0.5033597095612544,0.21599825527484795
2,0.5447435885220683,0.627043270002917
3,0.30613417182854724,0.6941496367752298
4,0.3733247935820627,0.1720258608518345
1,0.5074526512225541,0.44662966615775096
4,0.28512786226573494,0.27997462194834555
4,0.20082886202090408,0.2611337232495007
3,0.3026549676009217,0.6682639773165179
4,0.086951045791733,0.20947766190086164
3,0.4174891651174379,0.7771588184890913
3,0.21322763541500664,0.7431805242994768
1,0.042668033982640435,0.30625331718497034
1,0.030695320772612823,0.2777450644259932
4,0.2763787288869432,0.17337288152643726
3,0.28009721007458693,0.6706751152628644
0,0.7733893297486499,0.6072269891692336
4,0.3432205036620412,0.05470792012024322
3,0.3585122686652511,0.7832329492405381
0,0.6755672389708135,0.9715590455796211
1,0.37039393473196275,0.46544624677680924
0,0.3433558121523927,0.9443774845816676
4,0.4979309401306748,0.20330325466191837
0,0.9699865706623964,0.3821230567597845
0,0.799187327285767,0.9623932063583096
3,0.42075933624743206,0.7957992434334115
1,0.371032395854804,0.4468364782507999
1,0.7977707895749007,0.4007078074418966
0,0.38771138952025597,0.29019684177648264
3,0.536006360983597,0.7929642722764048
2,0.5438724711911247,0.6463599999843562
0,0.22686219975155916,0.024879474182444756
4,0.43510882927167244,0.26346665086370225
3,0.3471604291195256,0.7664844515942482
4,0.14000762724243573,0.2230716432673031
0,0.6761569270269783,0.6310492366582338
3,0.42807137143761637,0.7294722044618952
4,0.20663973841037264,0.1577074667923809
0,0.5729364442975319,0.45024022633009353
0,0.2975362562547355,0.8493840850212614
0,0.9563972137385646,0.7251527022222647
3,0.22161845482932144,0.6412212699692147
2,0.8128258190456852,0.5898318046252554
0,0.8353108572034835,0.4315377810733137
1,0.24502355608166185,0.48611579124332793
1,0.5445399119424584,0.4098287683180326
0,0.8710630309726662,0.008553404810369687
0,0.6775238386347726,0.33360724219178745
0,0.486022214495721,0.12790464421927725
4,0.10942327182710963,0.16658667023511978
1,0.11853556121432367,0.3590464684727357
3,0.24368843447099958,0.6395953343568942
0,0.814973061142285,0.5623416160063832
0,0.8538785037879584,0.8674147145677091
0,0.44753258354174835,0.9613390684619075
1,0.7551702554751205,0.4095696120267055
3,0.21602918907740884,0.6941277877500618
0,0.5248958732725418,0.20650218828591183
1,0.4135198105573317,0.4413157487402948
2,0.5278009896321456,0.6490154667743675
2,0.4465496164724808,0.6110150495609235
0,0.09205995470391208,0.568666877244553
1,0.216599006137493,0.4368744028165683
1,0.17030661952994702,0.40373393828980614
3,0.6057129406984747,0.7782376779788911
4,0.31585671678211885,0.136379142138265
0,0.7035396227631204,0.46629256655032236
0,0.4475926952312814,0.34565497211928015
1,0.09816878431906959,0.45229949640134237
1,0.4381304360844989,0.419893819644666
3,0.2460816789626006,0.7516607495278149
1,0.15348116812516607,0.4948246721816588
1,0.49152482557367017,0.4293294449216738
0,0.822991617824574,0.7499219274523801
3,0.4061256252799097,0.6900328247606452
3,0.20697814370492046,0.7840589148620929
1,0.33796448198788587,0.4222336650785919
1,0.1305148918609685,0.47759619774882883
4,0.14316452365845764,0.17645749951401474
0,0.6688064704386047,0.1495033751722749
3,0.3932873642397839,0.7447307038117308
3,0.3116746119713224,0.7754594404951075
4,0.2556035863603469,0.14660873447756237
1,0.04902312840371247,0.3167208854071726
0,0.48197769046089467,0.3375718661785277
4,0.07698250155753159,0.19791342500696207
3,0.1832331134266689,0.7680518721244094
3,0.6568472664678928,0.8094412882885825
4,0.19710554120044121,0.20761196689350192
1,0.7969647238289783,0.40432915321558494
0,0.493857816119286,0.16516701560820846
3,0.19117450743648925,0.7718384921257401
4,0.2744025250582151,0.2186631556101733
1,0.1295064796734496,0.3945279487130334
1,0.48648840144753047,0.44513049971957386
0,0.13268717460938134,0.6755261330625272
2,0.7397030391396493,0.6663526211736165
4,0.4516699626627677,0.18472626418051452
0,0.6175311901247296,0.45890748407325943
4,0.4551988546781132,0.19894674254245542
3,0.5536179187302553,0.7438475399104394
4,0.44628411560041364,0.24504249659581961
1,0.06590616323116485,0.26780037793461403
0,0.9293542171676256,0.2858089653622619
4,0.16206410146241493,0.24669384905879518
4,0.08136801511199052,0.21513624143583235
2,0.8125113578427982,0.6159450458608619
0,0.10292898318471279,0.05518375540892958
0,0.9634568524277047,0.5135591875064451
1,0.09631582300140017,0.4549724601985364
2,0.8866831653590194,0.5321617312459346
0,0.6347843421836475,0.537556492600381
1,0.03989091517656632,0.48097662406340286
4,0.2557527281855753,0.1553688771681277
4,0.29579182545863564,0.05308427288779442
0,0.5485509826043906,0.8449087185635124
4,0.4358903536698549,0.14804765540216425
4,0.3877922397090226,0.08953000353524095
0,0.49930685799847646,0.052802675671214286
0,0.4434731151451349,0.8985976445294054
4,0.20062717964367846,0.16432533599084387
3,0.20130427514753285,0.7254795142957439
0,0.5481287694728045,0.6198960965070234
1,0.13822368923759912,0.37771509430130873
3,0.2813043391548992,0.6963301478140415
1,0.40050295347345677,0.4640627692633671
4,0.290484561925391,0.25155363579311835
3,0.21647633456105145,0.6589697824085001
1,0.06541843939592297,0.4350569912323859
1,0.15803867063450736,0.44431292966491
0,0.6563868514510751,0.8417638586678424
1,0.14512793897370918,0.49985463319498796
3,0.4895540343216502,0.7607640167978059
3,0.4324536582018294,0.7841130103234651
4,0.25838821060076494,0.08451232089326893
0,0.6024174943341704,0.040114231127906394
3,0.19231487895945357,0.7065237836753836
0,0.24629164265452347,0.535508965285996
2,0.5879034399301044,0.6489798080491962
4,0.35302960111809895,0.11553581490542013
4,0.36958205676514644,0.18344219964144987
3,0.4968381593183236,0.7431626806651885
1,0.0555638573480825,0.3273053208459034
1,0.7911022311525974,0.39947697154605943
0,0.08635395035369431,0.9507721332352329
0,0.7999956589881015,0.7269882538915394
1,0.5112738350385527,0.4352001433195418
3,0.23363194751906796,0.6451220274360221
3,0.3617845665091129,0.7585626204993962
3,0.3816650898538553,0.7989434943029534
3,0.35542250041678347,0.6539555749511388
2,0.6245129029194608,0.6438475057084294
2,0.6170869368875576,0.6606095784980394
0,0.6735730599945285,0.5254303025609105
0,0.9465725129799923,0.8759488595902877
0,0.6277512816411966,0.06322154884429182
4,0.1554418443004676,0.193566647190166
0,0.9179982062729228,0.6429045639046452
1,0.44014259493012986,0.43593377573271036
3,0.2560146814871339,0.6910674862398342
3,0.6241930444103322,0.7956280705358357
4,0.5048415260053327,0.20557381573716396
0,0.4676877264373294,0.33454453350303437
0,0.5029135264183996,0.04707441367217608
4,0.4110463753200094,0.14576580926605953
4,0.4620499075335522,0.22415202006442742
0,0.758567637126832,0.7248306135314942
2,0.608486075620642,0.6754973477896119
1,0.5204885920697699,0.44887060859280414
1,0.6435737423764268,0.41647399882402875
0,0.8947898322318533,0.16352490640117956
0,0.6792819716607564,0.379816587980753
3,0.24882347316083797,0.6313398185375253
2,0.8623697390782515,0.548301970030918
1,0.09998860621258293,0.38871275642166414
0,0.7930698999960478,0.32640420694858263
0,0.4992898343416391,0.32412061065105907
1,0.04864342081689124,0.4721472939615822
4,0.059078172698402875,0.2033996669732761
3,0.31742669907357457,0.7417337817808076
0,0.4393352647493858,0.5898743594371024
4,0.3075576007393303,0.06477215009787542
1,0.31466776739324526,0.4801766913292921
4,0.18594180918989744,0.14690118069189334
0,0.33492400459546967,0.49130443315802264
3,0.27476783902468355,0.7088855287113883
4,0.3867940388423473,0.25698963195211544
1,0.5403703262017736,0.40946583872170184
0,0.15125523108532868,0.7028159465768892
4,0.25157763884816414,0.07910741411096985
4,0.21631422740641718,0.08980031078349932
1,0.16528549560765216,0.4062572357938833
4,0.3574013864226026,0.1734985181783876
4,0.30796146399414587,0.13296084333211028
0,0.03936590186647348,0.569283842044724
4,0.07446998336923921,0.19032434832192488
3,0.2955319066453634,0.7583425282115467
1,0.055010546155461,0.3785046228140269
4,0.23866061143518377,0.10715944791123491
0,0.9114021226907628,0.2687414740316865
1,0.3947464440641641,0.41411331730528333
3,0.2567038274988873,0.7360409430488867
1,0.4609456175111583,0.4479239174875678
2,0.654235433786027,0.6686292949442576
4,0.4275988900396515,0.23315031490594318
1,0.489533686826733,0.410608879810566
1,0.5411341327396689,0.4055356746371183
0,0.5507143914033523,0.20711368096478958
1,0.45663146515787895,0.4255238509672123
0,0.9589320426813709,0.7333980845319041
2,0.49319087658083366,0.6316559381512966
0,0.7554853591427053,0.05531379665882207
3,0.22343363851952605,0.7383392325899922
3,0.19210013309988863,0.7166698170490269
2,0.7869558585304474,0.6418994589712235
4,0.2105625342219257,0.1316157227469174
2,0.8586740418286598,0.6018025302545835
1,0.44106001563116504,0.4215971586620612
0,0.8964820412469466,0.7074977651803257
1,0.4690166888258367,0.4269424622074763
4,0.32233484444857874,0.05865125172829129
4,0.255352989765092,0.24591726663280916
1,0.15971969453511925,0.3715366162720347
0,0.7288660208721836,0.6023785728255279
4,0.16836875170535134,0.1448221795161359
3,0.25481320448874306,0.6542731390615133
3,0.4632907547083346,0.7046943915727801
0,0.8895976411081711,0.2710927295165403
2,0.8446196775965651,0.600857975297725
4,0.34777215215763263,0.27010561674326583
4,0.3115359061035387,0.08230177798588068
3,0.2510994432817754,0.7740126314753119
0,0.5023719032610221,0.3176050119723585
3,0.4209114051799989,0.755105728605872
1,0.1775193721739816,0.4749398027473137
4,0.20271440770136062,0.09812656807734145
0,0.5307933987100125,0.06506529497464174
1,0.335960064163732,0.4424779044962693
1,0.5388231089612137,0.4039711761504223
0,0.3606031047725267,0.32476341895067745
0,0.6877783929823483,0.009287420406232857
1,0.08786831770618227,0.4338355556312996
4,0.3827969934007607,0.15481634144335082
0,0.45883266323808264,0.6414007339748339
3,0.38254853728288607,0.6862589844930786
4,0.32317318301967657,0.04230222444479759
4,0.3290430989511797,0.0808058995476681
3,0.42510207692349655,0.7953910243667194
3,0.2264447380457546,0.7666535627566039
4,0.36993381658507174,0.20297579480337155
3,0.4702334454330351,0.7938466310533673
1,0.06539820120539837,0.5116108092651306
3,0.3995840530441133,0.7909277247586727
1,0.05230500414544393,0.36999371572869405
0,0.9513821591235062,0.9555120827366113
0,0.5220912918382777,0.7239535671329088
1,0.15296479287600054,0.38999339895698865
0,0.039672022882995955,0.6415595771229233
4,0.292710294823201,0.06386678243197422
2,0.873604306363049,0.5283172897171128
4,0.2728544554845052,0.2834619654487299
0,0.3212848347062772,0.5404731145212957
4,0.3403462198814977,0.1958253112740077
3,0.2895652208627147,0.6747459753997842
4,0.4230621443139183,0.2079664673719217
0,0.5008925489787591,0.05987303175313255
1,0.7066978137530429,0.4037057542311395
4,0.23770938393032304,0.1964426275085948
3,0.22929587069380206,0.6421994730938494
4,0.2865548667763699,0.14512993751464537
3,0.24113375814105786,0.730624827221323
2,0.6019685916417669,0.6478865742007331
4,0.29653346440264167,0.2542489083145311
2,0.8235208279009338,0.6510394229448092
4,0.2764501298717069,0.16037601597640286
4,0.1387664603924903,0.20642716860569724
0,0.7541939112675045,0.5517866940479312
3,0.25044892260931145,0.7835045120981646
4,0.16130853756073227,0.22889406074580135
1,0.11427937715975277,0.4446894330024285
3,0.22421859595971738,0.6810457527854111
1,0.24148869572499412,0.45197341303598815
0,0.5591778775432793,0.23994262887742634
0,0.5920190385434706,0.4772634244102297
1,0.13933452084659512,0.3437218662021385
4,0.313294008387662,0.17114815825538832
4,0.3156346313536073,0.13410003246341617
3,0.5512808194244827,0.7561111170704512
1,0.37205844904795893,0.4792674623916689
2,0.8148971436156275,0.6363998547853764
1,0.026429069964313243,0.2970728707509013
0,0.8755491447538024,0.8745909853109283
0,0.5215432904481055,0.12082886799510856
4,0.3242061586569267,0.24344731835532707
4,0.3778097383687937,0.25879821350873544
1,0.02825454112676735,0.30057933883347354
3,0.3740904778850344,0.7974254700883119
4,0.12911809906436958,0.14427231615514383
4,0.3453067323078685,0.11864073286256248
0,0.11865197189945087,0.06135452431516761
4,0.2506023092224059,0.13930920740207473
4,0.3321984524472914,0.15059718359447521
0,0.9546317550076105,0.6725422637805343
3,0.24945769451899305,0.586469037264131
0,0.7806842042496516,0.5150370859029385
1,0.6508393228983438,0.423263074971849
0,0.7289569782010444,0.8031679660324906
4,0.17403272821520405,0.18841690603070219
1,0.5271834533685089,0.4234645434390037
0,0.5144499987649056,0.8465122872631285
4,0.4917782109378916,0.2554299222475792
4,0.2268931849348222,0.1445885412292854
0,0.495241654537011,0.8182447891125824
0,0.5262103422803451,0.076217411268903
0,0.15055919708849355,0.8997815974316573
1,0.05099629722719979,0.44052589112712326
0,0.12542331121125044,0.00858681581750261
4,0.2107908195603487,0.24368450644025075
1,0.028234466290050164,0.24305458043035033
4,0.5424240432204573,0.24349407685960514
0,0.6402542031338758,0.9297070727191253
4,0.23723859383699997,0.07385107815594495
0,0.690376187383601,0.5650735203327011
0,0.504584253905502,0.3361018464629117
3,0.5955227001312697,0.7624934843480904
2,0.6497169673111564,0.6577482776021755
1,0.2667239087542237,0.4933189842264031
2,0.8544034921830794,0.6033073107298612
3,0.3036355884433639,0.7849238990179817
2,0.4052871622344162,0.6118865602415058
1,0.09516683039585629,0.49274400407104274
4,0.35033132342979495,0.14316794206604555
0,0.6840109491532219,0.26243523061335444
0,0.19455251870221996,0.8670196165538147
4,0.24466963900693564,0.18968753483844655
3,0.377485215133967,0.6649885023984364
4,0.226787016312399,0.08985971111182628
2,0.8256138764175247,0.6629981210842882
0,0.5849647462255287,0.1692422101363091
4,0.23292871018192263,0.2190626510110443
0,0.05069018645796412,0.7463176703649527
0,0.8992823077697545,0.26437920776205714
3,0.5119654117670157,0.7975476031123988
1,0.17990636160115686,0.46219485407985106
1,0.17134095011971892,0.4902465398508783
1,0.09228896458579078,0.29988994098650495
4,0.34848648479480443,0.24180218655192504
0,0.4546417950882544,0.6474167705842327
1,0.41193997560007084,0.4342037744708265
1,0.40557158311416236,0.4467222763873952
4,0.13650975296055848,0.16743674501876607
0,0.8099904040277248,0.7244978537134554
4,0.3921525389101106,0.16984492236301224
0,0.5732781048135235,0.299111904148838
4,0.2305471179605253,0.1423017855273488
1,0.5406528354602116,0.4269401971630901
1,0.07266014695440523,0.36776582954790155
4,0.20825435296046096,0.24642785246562285
1,0.440932241810064,0.4482573134730077
0,0.15213910267166258,0.9772901514031794
0,0.4043079278900649,0.3626041055665139
4,0.06789276705137019,0.23033687899695274
0,0.7277618591418019,0.12035143788121855
1,0.2707726574841969,0.4790166991634252
3,0.3470161283336067,0.7307528233612772
0,0.4291351088270916,0.6345021499015419
3,0.47227297116504885,0.7718702751572586
0,0.9827054068081186,0.3567680287166125
1,0.6740860308338101,0.41412505595590304
1,0.037368729075022124,0.45619430191719357
0,0.7577228431668975,0.6579037137693696
0,0.9355584306381556,0.7315083585813982
4,0.12847612573420555,0.21646462607115996
0,0.42236970550733627,0.38535637517171056
4,0.3924908320872851,0.19259885409575722
1,0.08916603531349396,0.45784358553413596
0,0.10933607615668066,0.6790583907626102
1,0.38117613222518865,0.42344772426257826
3,0.5457469523134153,0.7504669142977987
0,0.18442391717260087,0.29274764270420484
2,0.9020241452678018,0.49118375314348456
2,0.8435461157715552,0.5659139319218125
3,0.3679317331330388,0.6726946434998784
4,0.3510739983544049,0.05483854605925521
4,0.00696651857998045,0.21097695573276262
1,0.09765303274790918,0.33450391523603396
1,0.04221028567151991,0.5030426073532451
4,0.30382382246221323,0.13783046562307427
2,0.6765461221948961,0.6969123820003927
0,0.17588203727929771,0.32964632474146777
0,0.23580134123584523,0.3766600118685782
0,0.12454480106565427,0.6335249123452185
4,0.08118864198232487,0.1819839879819966
0,0.4888085185879309,0.1497449592420431
0,0.2772646024113583,0.8479611462001728
0,0.46367519935464324,0.8353513197090175
1,0.03346387445433045,0.29833513684170865
2,0.5587112148963418,0.6355460238899218
1,0.2416484471087614,0.4839633533945883
3,0.38881781961817585,0.7532965850947042
0,0.19608191751843293,0.9681716782099895
4,0.07620264284577392,0.20771320965037565
0,0.5202028719947979,0.19823442143676345
3,0.5311963855204149,0.7777311569272702
0,0.916346964403546,0.8426888913377351
3,0.5892570482489554,0.767646509902036
1,0.09318396593116461,0.3277404876912878
1,0.102856930894455,0.5052406461459952
4,0.22649539992850315,0.11865294272974733
4,0.1940155820711409,0.1230905408543062
1,0.026498863732465173,0.2328785140864551
0,0.02048927677940976,0.5750519333109539
0,0.7702233065163052,0.9336587435083202
0,0.680125896309193,0.9098481286086554
0,0.9820393029258593,0.6558516906182984
0,0.9842329619164143,0.16754888554756006
1,0.11651568133947143,0.31735697058313517
3,0.2210062238472721,0.609626386061305
1,0.03214671814579263,0.38403318183063095
0,0.48576816707640075,0.38880061031849333
1,0.15295869714683835,0.4589857414769847
0,0.9910393751793781,0.9872541500620019
1,0.23727975748951066,0.4645107590081563
3,0.22908918894663938,0.7179196826828251
1,0.33657770229745526,0.47464464891558883
4,0.45864088697329536,0.18880358534252464
1,0.42871166009373596,0.43804720325960445
0,0.5106490726293693,0.5856256849030744
4,0.2846067820049692,0.0628192742171334
0,0.06313644648239418,0.8575817722023258
0,0.520173440681977,0.6639605969930097
2,0.8049961943028483,0.6176973460320393
4,0.15976227572897214,0.14949349665029796
3,0.4361390509003603,0.7620849957715625
3,0.264489667996307,0.6073570882070023
0,0.77081871868679,0.7308944459225283
1,0.5488915960887827,0.4262466494054748
0,0.8849865032950249,0.8628366199943452
0,0.6294793497304584,0.2543176127914023
4,0.03288961921395757,0.19604962057454392
4,0.28050177175232316,0.11799896464456554
0,0.7758418897557843,0.9946129995473282
4,0.4083771138289468,0.25728144219935
0,0.6543310925097988,0.4673243763931119
1,0.1085189078773528,0.4262132895761665
0,0.1999515001742123,0.3054923514067599
1,0.3665415161811283,0.44351719641683385
1,0.2460732861333116,0.46831982153717683
1,0.3168053832689856,0.42301516368046155
0,0.26696097009009156,0.5224377602901593
3,0.40458193581852997,0.7644032560816273
4,0.35080921338592413,0.10483048993354249
0,0.4905637323427367,0.8758932925911913
4,0.2401557497539709,0.07952001023372211
0,0.11020900544904509,0.5735423774739246
2,0.6627444951359004,0.6606029706496793
3,0.46382212796684763,0.7237286428972589
1,0.21132854985383764,0.4214650593825839
0,0.61652269997746,0.07387269783234907
4,0.3355837294412255,0.2500463576196647
0,0.9916110178639322,0.899294636123962
2,0.6879862095662935,0.6624014510457625
3,0.23449286508248152,0.7103716113534226
4,0.35671354553342727,0.15867007660472554
0,0.8454658970344658,0.8113429821383199
0,0.14527784813988526,0.5591900075483736
0,0.5400170497834001,0.13718700603305778
4,0.1669358222536677,0.1798987625411829
0,0.37161604584791075,0.5423595238282798
4,0.2157991808887748,0.14818797307911621
4,0.1716540787734662,0.2333253727111834
4,0.12339837389850261,0.15587859317822764
2,0.6167304080607213,0.6706682087603497
2,0.7542733453214192,0.6624183390268171
4,0.4145614546959788,0.10805783526237736
1,0.3681423005107112,0.41533991345386184
3,0.2798446200806565,0.6366304681723509
4,0.21946689088927734,0.19384536352587559
4,0.11685869510010352,0.20175821015832057
4,0.3027501761473189,0.2460912361831723
3,0.2817747718992107,0.7307942483550433
1,0.33911618801469917,0.4563515097785507
0,0.47424890645458434,0.06756841649769976
1,0.0263314620458483,0.2426224504029655
0,0.15131388313927274,0.9940247695433139
1,0.04952706957496878,0.4534496898666143
4,0.1377272242657802,0.1406155079547894
3,0.33308798264568046,0.7404511012463578
3,0.42570850372173985,0.773652905450558
3,0.324029890153774,0.6554382655349702
3,0.321348946454356,0.6889792541268628
2,0.6309949233493458,0.645275328656666
1,0.026711197862940073,0.2471509594731175
0,0.13502768897417913,0.55800108408754
4,0.08786907731143304,0.1976366294921882
0,0.3022368480594893,0.9859280907627442
0,0.6945267333640001,0.39315918647667913
0,0.9490055020758079,0.7099955072229666
0,0.918678910027298,0.9985969267879571
0,0.026257749594663524,0.8450900180603088
4,0.3758037677792972,0.2441621252410714
4,0.17346953331352613,0.2538905839211968
4,0.28750282710461905,0.2161468667639554
4,0.2870573111405066,0.22402658181418067
3,0.5110017936849829,0.7943879549286152
2,0.8393889418058612,0.6052300210387079
0,0.6871981518195238,0.9958935333172564
1,0.15469021827036464,0.4762218970903594
1,0.3996618673234668,0.4375639374715769
4,0.37622182402866394,0.22362993714833834
1,0.2985882641175016,0.4730280989757836
1,0.127255800057289,0.47222460382440995
1,0.08344167696749806,0.39401001971368305
3,0.2412443990009289,0.6713946116798405
0,0.04679996285310308,0.5441993112387211
3,0.312107368355474,0.7720961050701451
1,0.029761113307900013,0.39067375665687226
1,0.1122630598244849,0.503921469813462
3,0.3864907348250619,0.7680954289600044
3,0.5880054347924241,0.7646798667152579
0,0.643431062168778,0.7536217485611955
1,0.23322035821185128,0.49678936783638245
0,0.69412897347358,0.9363883493393841
4,0.474195049829477,0.17456760881297742
1,0.15889472525754753,0.4052166217628244
0,0.8751812971959019,0.8146721859603604
4,0.2909288381687265,0.25725327436535583
4,0.44255513888041276,0.1813464681243559
0,0.5166966655636437,0.17188499263769685
1,0.21022437466133415,0.5025948965326077
0,0.8732531904143116,0.6797500622670627
4,0.14560251001447475,0.17688322299915976
4,0.1901599971086818,0.1451119178126161
4,0.45054294476100853,0.19538781338387237
1,0.6608519357904031,0.408543503253364
1,0.05783844880708943,0.35335855573162367
4,0.2416296344966667,0.2135875181380007
4,0.3880248760253328,0.1237736991129169
1,0.39285927167715806,0.43620659379909577
0,0.919704959905154,0.9033168754246105
0,0.6530421026774057,0.8941038663735301
3,0.22689677409725956,0.586289154121142
1,0.10400431156159806,0.4467092867344131
4,0.2936751663895234,0.2362258098203324
3,0.414407329775916,0.7190544423784189
0,1.0,0.4751272453858045
0,0.8252310751547226,0.7863385209918861
4,0.21235662306852104,0.1995072514918798
0,0.039545178852477575,0.9707664273684897
0,0.942641221163037,0.7587195791818343
0,0.5011218622606983,0.056282004483899535
3,0.47691705058953016,0.7339745215026007
0,0.05929488543425397,0.7673981076640807
0,0.828029746817941,0.04699393048376571
0,0.2272012048137762,0.5423492606213237
0,0.8576367692629372,0.37453135628482737
1,0.45620007427492676,0.430290486148717
0,0.9924430703273531,0.8604958486524182
0,0.8037024685160675,0.8684917888427854
3,0.4352215896120322,0.7732502155919694
0,0.18016870781584018,0.5369149450178978
0,0.6000829327388374,0.10986692018445035
4,0.26724087643721595,0.17315910874848012
3,0.4978054102644581,0.7233382374191654
1,0.09079216289124165,0.40754525214234794
1,0.05825885429718944,0.39818987499630554
3,0.37836106570678135,0.7970185028252005
4,0.3839724654977422,0.09522619236155154
1,0.05194132492261268,0.4926831601474831
4,0.14356201119206838,0.2363911782912878
3,0.2502342684730098,0.6143059303061917
3,0.4336782607144992,0.7125346042529166
3,0.2221968468591945,0.6462703628758496
1,0.04593682785719446,0.43117939698920926
3,0.4228092467004564,0.7695162197145915
0,0.8869440692178522,0.5833072044582572
0,0.7838397422973895,0.7447956055058224
3,0.48164048691188444,0.7532423647434155
0,0.0,0.7564716576338499
4,0.14810479889893982,0.26793440033853
4,0.3852415711733236,0.10787437578095602
4,0.42930896650532663,0.18919860283397086
4,0.15217238867220548,0.13203290043672355
0,0.2709482092800544,0.5436958160884992
0,0.497318856528721,0.3367584029690221
1,0.13139532779324,0.38487117343975025
1,0.04285774993999709,0.3853458903277176
0,0.425417134377827,0.324014153665061
0,0.12871328462022535,0.7529737436592573
4,0.256611199661349,0.2574834156343945
0,0.9102778881329359,0.29670178364969346
1,0.19662663485410944,0.49822387665161977
0,0.7417792326777808,0.4944777353049851
0,0.5620038557142591,0.9620332533884469
3,0.35522629240137765,0.6542232168462733
1,0.045937871071177264,0.43350341956177674
0,0.2918383752904418,0.8106088096038047
4,0.24502185342463367,0.09432800972170752
3,0.46589696213205906,0.7906432290344174
0,0.13180510162280998,0.5495315015432175
3,0.5448635223650502,0.7722240084690707
3,0.3707551189413827,0.7852147654299538
1,0.5666859643270501,0.43328787929605306
1,0.03876092676719507,0.4464575005505911
0,0.6902978019687032,0.44348070372347154
1,0.36025783831667735,0.44944514146799874
4,0.2978971192820385,0.21016041073687547
0,0.13011260508090433,0.06423014328410291
1,0.2358122094881443,0.5022175559218724
4,0.3563315884662238,0.1468818389795219
0,0.654183361896706,0.13252996560906774
4,0.34098691531471825,0.24425650836670626
4,0.1747134917454188,0.15354405721826214
1,0.2504058883246398,0.422570246007281
0,0.8307033050365489,0.22458604677604396
2,0.6162704025335216,0.6440395266089483
0,0.29676177083841987,0.5502244572004433
1,0.5474419464807857,0.4129230989753805
4,0.23171126409306356,0.21015203069359084
4,0.15529177137862976,0.1984928434114369
2,0.42653131705053743,0.6239382796356627
4,0.4292583749470954,0.1719248909098223
4,0.334123555266892,0.18738443317969558
0,0.9199810750575492,0.3307889250600656
0,0.5850159422732182,0.5230560141505664
4,0.3170740555758572,0.20624669316201402
3,0.21696511205849012,0.6451106089723012
0,0.9554819386385531,0.7001181256802372
4,0.159107703359674,0.22583578221185402
1,0.16367261716896955,0.49612602921691235
0,0.7176912898057385,0.4755331531377486
0,0.9975971475719141,0.2696801204035341
1,0.6901428655037103,0.42457439015015686
4,0.12233804122030212,0.17809269761152327
0,0.5177722382679948,0.3626516841178133
0,0.7372305884455697,0.06324442072488592
3,0.45212333588473796,0.7731271697798326
0,0.16416641633926363,0.627799007430529
0,0.12139692196063527,0.5947695343852384
0,0.7703548153729853,0.35930405187221254
0,0.7696683856959458,0.2641726341316313
4,0.2978672753652281,0.09967678324381377
4,0.3733898537064895,0.10634311934446512
0,0.20343985050717106,0.9144699668016513
4,0.5172774932329427,0.22145793524912427
3,0.36609098627985737,0.733961469955498
3,0.24182883753280204,0.5918368146849053
4,0.02024351127756827,0.21457211548614238
0,0.6341413249362556,0.7752342276205328
1,0.5624230712130622,0.41895381190262293
1,0.10636486017582018,0.5131118890128211
0,0.6978441989374622,0.1758296351391819
1,0.3588860470915526,0.4292962440340634
0,0.9450240191485157,0.5316527334279684
3,0.2188714144220912,0.762907887819224
3,0.24044908818436897,0.7183253250311779
0,0.8492110141353665,0.13593613787475006
3,0.2221395319757157,0.7454731708594675
4,0.19509330178300618,0.21788704089542196
1,0.214241341431263,0.4509392338902696
3,0.50331039459394,0.7461617917249033
0,0.4832425596870884,0.6812285950282159
4,0.30370393533480355,0.1025471699562109
1,0.22557310282497264,0.47502316030669517
0,0.2799570644630063,0.5229325150491261
0,0.5718474058546024,0.6942763224223562
3,0.3720722724369398,0.7597057965935589
4,0.3640404300468367,0.2058235457942948
1,0.04279388503097411,0.35569206032321776
0,0.9330804718264879,0.22383948029441905
2,0.6955387950925777,0.6607180761872747
4,0.05872768906753994,0.1960758882189759
3,0.351632162742431,0.690183210047114
3,0.38742124151228197,0.6674880527909818
1,0.09764025327615626,0.3402259517681883
0,0.5578968751695647,0.010367723491265324
4,0.1341412505429627,0.14927988381556176
0,0.14873543049187596,0.912192754411948
2,0.8751348449387607,0.545643520705453
4,0.3292169255861635,0.2427852752058399
3,0.6665632860095012,0.797723784025516
1,0.07315830433596547,0.4192064164308772
0,0.8129498406519323,0.9276039513645236
4,0.2095483840561106,0.1937551333154564
4,0.3456356988466274,0.12126505909805117
0,0.10027333370722467,0.8972483720305199
3,0.22736566974854933,0.68770939919593
4,0.12274774442396395,0.14303601364638968
3,0.25103152054763883,0.7116416875207832
4,0.13347817382978375,0.1443066532705823
3,0.45214824281950455,0.706051327024492
1,0.05364215120266893,0.4159999731872266
4,0.30211816046741813,0.08746172446427194
3,0.35583291048230814,0.6932043432953211
0,0.8051028564024559,0.8630203211432631
4,0.39924917623199074,0.10403930730545985
0,0.5236950975100523,0.12703812973626513
3,0.3491985255559564,0.7746043602998794
4,0.17299176180397685,0.13938202222943463
3,0.4543039729848825,0.7772813065530767
3,0.4977151378963959,0.7464514542060933
2,0.44613190270351344,0.6233829023898686
2,0.6446369631820905,0.6414014867195105
1,0.09153502327165013,0.3179230493023441
1,0.13109839999947737,0.33304716079252594
3,0.43076479140965396,0.7306402619925243
1,0.5807649519856429,0.4395082280969743
0,0.13632779882064322,0.06754362890393717
1,0.21337747485944694,0.4711443671403515
3,0.46372485931394697,0.7794716235034488
4,0.424153462376309,0.18643834449053562
2,0.6528507983905933,0.6863714490145587
1,0.058577206153766055,0.2596915651021497
3,0.3479576030334768,0.6786629527316619
4,0.250046507034917,0.19417763229719417
0,0.08628508175479965,0.53315554470875
1,0.2688826571474218,0.481995222816478
1,0.3486585595455979,0.4540388062184717
2,0.8470631187240008,0.5553943764441245
1,0.04235420349021019,0.4778890678076877
1,0.08035096255288159,0.5280245662812192
3,0.4128188975459478,0.6853723539201219
1,0.19067896321352942,0.4564499960437088
1,0.04295454832280395,0.2525578309430591
1,0.15699693547584212,0.4298310394817242
2,0.5466620974135332,0.6269041350244597
0,0.9854301633850786,0.1448289255746681
3,0.322778579394058,0.6769982831176877
4,0.21649431242112543,0.17588066453808346
1,0.41052404951157817,0.46691866614150074
1,0.677293903985491,0.4262305805700708
1,0.049042379238013745,0.4409857497205204
4,0.43882211377887625,0.1772754284143646
3,0.3298701901203665,0.6603506488513642
1,0.09195326377125232,0.43065680379715865
3,0.31126952416573295,0.6860137890315736
4,0.27255195628108886,0.2549196764318194
2,0.5662549310945003,0.6578271719745201
1,0.05210710492585991,0.2649930458074646
2,0.6923427418848425,0.7002352832382795
1,0.3114283411375921,0.48307465918351794
1,0.06733313649762138,0.3465100875681173
2,0.6096330879882416,0.6780892000428738
3,0.33726173119593694,0.696185192685053
4,0.4191015856430491,0.23801941550358355
4,0.282523863433709,0.1889166307473369
4,0.34715664706698357,0.0899596227444987
0,0.581274086120186,0.6068158298313576
4,0.37878596905254625,0.2002639131249036
4,0.40310074174642996,0.10652143840900614
1,0.09957674906941885,0.3601580158700722
2,0.8755624812961963,0.5407893764514832
4,0.1453492140628539,0.24112813784594225
0,0.5940365408468555,0.5974242136777255
2,0.8051729686402077,0.6126758140364688
2,0.737357381239654,0.6835175426633607
2,0.7995381981033297,0.6351769460441294
4,0.1422212446324,0.19325299192385534
1,0.7207556346360915,0.401952237009229
1,0.16829176534649407,0.39280261424780955
3,0.5267761230145254,0.7752883654463275
3,0.388159018535187,0.773954348546181
4,0.3278728801961064,0.1676554354748913
4,0.21957943764403165,0.16502042939888423
3,0.19053448641538995,0.7554948144772786
0,0.8271826824811963,0.5011473986653021
4,0.32792434458206127,0.22469687671185787
1,0.0850250805926227,0.5122320201221552
3,0.21072493412747922,0.7574678418017265
4,0.4234964567787112,0.21360567414730844
1,0.6838444844905667,0.40077846018143337
1,0.14730034710069007,0.4574631883753984
1,0.43498052952364535,0.4403761555286158
3,0.261003374956871,0.7574134134341135
0,0.07713967916442815,0.786674627999898
3,0.6654401948278627,0.8089139070154382
4,0.3789242995883346,0.11102083560959687
1,0.5471585513343565,0.42001459340175556
4,0.3991053474240467,0.26090847361903247
3,0.19134579997772283,0.7646458639081922
0,0.9501245701927372,0.13151648954591605
1,0.06116710843629305,0.4559698424883617
0,0.7587763303561175,0.06705441847607121
1,0.02746391964948662,0.4290301899534717
1,0.17789028286692996,0.4791015768343956
1,0.6437640580009891,0.42347535257613966
2,0.6628481187140414,0.6866174940680132
3,0.26266993129592325,0.6783715506050444
0,0.7386792437653552,0.7300254908281504
0,0.9875554529803485,0.6414995581538476
0,0.13478801156626655,0.2934475250947095
4,0.08535635327323207,0.21363495807851876
0,0.5994212273537465,0.11049997765627255
4,0.26031996913361294,0.2436091046790168
1,0.3746003123513066,0.45967764403279016
3,0.5466317002436987,0.8013432341164956
0,0.632166278347692,0.8692514255999929
4,0.26669930170329176,0.28333203346499525
4,0.30160868545989306,0.11437839094494745
1,0.3934756758165294,0.41356228877244877
4,0.39353593116900504,0.23093933964108168
0,0.7930112391013073,0.36955651308753507
0,0.4837612919126841,0.022804264672561757
2,0.4147355360061789,0.6169027813609836
4,0.08132530512380734,0.1823509117521496
2,0.47953501165122686,0.6218902116991697
3,0.36052300474543286,0.7421339613220306
3,0.3404983726007038,0.6512939943640567
0,0.8840019096196716,0.5693733695866159
4,0.34355443671914115,0.17936457041096912
0,0.8441863325962035,0.5444939735229642
0,0.05522501634291802,0.8518678330836693
3,0.233409323806608,0.593655868566481
1,0.08566992919090957,0.3117932923617925
1,0.326160618446287,0.4815016933207329
1,0.062264536393213034,0.47498118587741883
0,0.7639575311642312,0.23640298354318612
3,0.35112498855218577,0.7132233985821337
0,0.37661584878304133,0.8370581169852852
0,0.31369522131234656,0.3132542931626107
4,0.2785357519183405,0.12465627942676405
0,0.1371665187515522,0.5428939671404586
4,0.22831796558329195,0.10473084710963963
0,0.5142192005305511,0.6829320983955331
0,0.6660924011790069,0.983048992502954
4,0.1303735960416751,0.22993715925493277
4,0.15909504866370755,0.25911349194335026
1,0.28666348982491147,0.4721665811911032
0,0.8069861552145837,0.45664577586030036
0,0.42420355302304963,0.28237666356216745
1,0.4691735574067114,0.4546990081681005
3,0.29299245276044306,0.6337517059235226
4,0.35929816051735053,0.13716255695406462
1,0.09730809571219169,0.31744432932699984
1,0.3788713600953969,0.43589915999357703
3,0.2955835762784453,0.6501542394724157
1,0.5539234292295038,0.4055765506961354
1,0.2807613356277101,0.4744176043556243
3,0.2618864098823758,0.6282869451229837
4,0.30539580850009485,0.15765942834172614
2,0.732918049537645,0.6925496606387184
2,0.8435006867361412,0.6292078765562468
0,0.008899388340665858,0.5265534480951917
4,0.24763152834938054,0.28309482464854574
1,0.7474148349527717,0.39933320061785016
0,0.5432447178802193,0.6039450137660561
2,0.40276995088922796,0.6159272548065302
3,0.3213716166676171,0.671788364648364
0,0.7089994725159886,0.633267770717531
2,0.5027758095142567,0.6424011456713886
4,0.4742780437104591,0.17368977932356885
1,0.4290442447284479,0.42266491827260205
3,0.3319789477276387,0.6417953319283011
4,0.14277794004172262,0.24338321727871084
4,0.42522337817648614,0.1415054126065411
0,0.9521719505705553,0.08199546658717285
3,0.2985427230651779,0.7801459136766236
4,0.16093240165568262,0.21048269021777483
0,0.38773430275495624,0.9131565902887328
0,0.9741155952307569,0.03864726195115489
2,0.6459364190105434,0.663452549820662
4,0.3723962155949622,0.14101558694310456
4,0.30522728413279065,0.17263626307248456
0,0.7556908960067257,0.24320764519141708
3,0.3143099273155516,0.6694932991099041
0,0.8853064779400708,0.7635880273874012
3,0.3366834518862188,0.7893832242823611
0,0.7126805506044541,0.8521538052531112
1,0.033629807765025464,0.49796925876170584
0,0.36977903734560696,0.024791568206420242
0,0.24720185609716827,0.8421868398828982
1,0.047313005021537936,0.49402042208225805
0,0.1313555031195393,0.3237997058606109
2,0.7321983409929779,0.6857685819524019
2,0.8749308599359105,0.5299801637005246
4,0.3546576604098742,0.07956754892440665
4,0.27102239601987677,0.22339971675898374
0,0.7038702370053204,0.25080221492957805
1,0.39478336323019947,0.44901408867873815
0,0.8598447611938329,0.9024954990818366
1,0.05420160986320468,0.2699265036713011
1,0.02916052043068727,0.29371619274968674
4,0.3308667179667745,0.27818711173429456
1,0.3461808169315891,0.43303643302913264
2,0.39800266743124524,0.6042097340183346
3,0.2316704072563756,0.7409997195139731
1,0.8296713574432786,0.3977392932098751
4,0.3236614888405312,0.17597044436361564
0,0.33806998835428304,0.9325757644540202
3,0.1986146872589082,0.7254627010283041
3,0.24587192996138277,0.7413312416499054
0,0.6331922270587068,0.2915510220384588
4,0.07857485910112996,0.17108912638736803
0,0.7655000937254526,0.7593635441403497
3,0.33750923632540997,0.7243708191357207
4,0.36813772479575924,0.0954041250385244
4,0.22162335604632502,0.17613581924431818
4,0.5248803830920367,0.2341340531476671
2,0.607197089806793,0.6641207755718492
2,0.420937008829805,0.6190960970714817
0,0.8149526761744463,0.5425182968697602
4,0.13423944526929293,0.2618859859932634
3,0.21411902278343486,0.7903496301672813
0,0.29481088564427554,0.5113972109524777
1,0.39463555887682716,0.4545192191682722
1,0.5753002074454413,0.4044366269477189
0,0.22605901510064808,0.3583933444863568
3,0.35173482739554635,0.7487072008534754
1,0.4887313589293702,0.4455392555024345
4,0.18986019344401475,0.20079673837654544
4,0.2836037677264734,0.17008278106772767
1,0.08544992265559391,0.48023596596648427
4,0.37444702077677416,0.07140201013044607
3,0.3092438240328993,0.6310440267356582
0,0.46354706647664934,0.966621509614336
0,0.907014218504569,0.28255519925613043
3,0.3836369209040958,0.671809344752189
1,0.34672614850169264,0.4666093740100806
4,0.20050640903940392,0.16685259101300204
0,0.5462365259848538,0.6759038500456008
0,0.9279413923903471,0.9320696421087002
4,0.3262748665520427,0.21765257515028008
3,0.4279901769601056,0.7222811370177694
4,0.09871970618598298,0.25096800614338605
1,0.11038639452314966,0.36249432232237316
1,0.23174421354055924,0.4215236934456739
0,0.6126918393069497,0.5457156260539293
4,0.31282186746082463,0.16663118001983634
2,0.6623312343153703,0.6820168040343993
4,0.20789292231383957,0.2920531746471172
1,0.3124751798469436,0.4758973240216687
0,0.24958206654226367,0.8814697350226919
4,0.39395785205198985,0.17357968220212416
2,0.6293663712836313,0.68022535122496
4,0.26488246950593725,0.1501661045653124
0,0.6048709351056525,0.7312644028050458
0,0.5060979547824929,0.9229618705892298
0,0.8552570057803812,0.9558359155796625
0,0.02138244265488125,0.9605778086365483
0,0.5093039822169847,0.178031788088208
1,0.5593763370483391,0.42277263206979593
4,0.14713794136824795,0.22075093693764844
0,0.2832706465156942,0.896853505268283
1,0.25740761728534806,0.46087830564348203
0,0.705937883904397,0.35311644786533364
1,0.03085034012007251,0.39363631873763294
1,0.11415428099488083,0.3882285503037046
0,0.3667159098326489,0.8481721332419431
3,0.3541493837321244,0.7038983252181588
3,0.32530167951340033,0.658513449776929
0,0.6517419633951079,0.3074548511221834
3,0.4671633503678272,0.7896156635458922
4,0.2787411306526606,0.17800806941992886
4,0.36133746693733376,0.07930157176078026
1,0.4906349387295146,0.4229086657321733
2,0.745603921970041,0.6792833097903406
4,0.1379691910381227,0.2480898845688122
4,0.33308093512440795,0.1034643426737058
3,0.4031274222655236,0.7509123961288776
1,0.07927964819898196,0.4536879051135129
4,0.34270036243450896,0.19568019119418337
4,0.3963180095614321,0.15146991883721317
4,0.10884710858211796,0.23221666182724918
1,0.7153963171965095,0.410236183261919
1,0.855631662861295,0.38651810207554227
0,0.790820380533496,0.2571233313648683
0,0.7232884440596872,0.0936850262557188
0,0.0417083677366272,0.5434265257866813
0,0.34602124467441386,0.9337448203027622
0,0.5332927899229727,0.9362460253114333
1,0.30828840207243413,0.428093395397626
0,0.7871569337056977,0.7533003195736162
1,0.5204971570936628,0.42551531578801705
0,0.5765678124962864,0.9558219075781078
1,0.15752962430514725,0.4609309219555557
2,0.4481259398252006,0.6194897592018704
4,0.3897991747490426,0.09853494818892994
4,0.03512883422591215,0.19657533030582383
0,0.9852644535054216,0.7067722025386206
3,0.33249698384097637,0.7219814675192032
0,0.1245628226273926,0.9813986252381403
0,0.6441193498195655,0.7316840943175479
0,0.13965122540158506,0.5613463173851312
1,0.04261685340634478,0.3444656371326513
4,0.2798992330961794,0.2186695843862234
0,0.2636936272112572,0.5077263400674135
4,0.2780511194484169,0.14373409179323426
0,0.5150516812702826,0.845694650206577
0,0.43335041524901013,0.05630870458595708
3,0.43549972739800935,0.7828386892009266
4,0.3710077515318779,0.07807061908736289
4,0.32058789181528735,0.2153096610499236
0,0.5711327326458395,0.3680107209470279
4,0.15407023712465104,0.20036859390988523
1,0.07883653823753459,0.428108269015498
0,0.8567851165528275,0.1537170621016847
1,0.44571214731334435,0.43412060279411124
4,0.5124540252074019,0.2119559641820307
1,0.09486135716860201,0.38723302063109966
3,0.2520809425779027,0.6820877752582459
0,0.8158032738158689,0.5173617188036139
2,0.806373093398594,0.6375374194463983
4,0.4853190013703024,0.192954125546572
0,0.00322790951084074,0.8026865887162065
3,0.2179475150246651,0.6373090158197411
4,0.31275007828472523,0.21783149542906988
3,0.1986879301432444,0.7674945445127516
1,0.09355492263644002,0.3885716532502339
3,0.2548174981019169,0.7385358973522947
1,0.1152397467514029,0.4967958288614727
0,0.9551950329926825,0.8677008590992569
2,0.5956137064863658,0.6466455925765863
1,0.3037751406164819,0.4189364131448452
4,0.4321586393168579,0.18912180525015065
0,0.38669984487780795,0.4110554028249415
4,0.38256910861069565,0.09269312019343111
1,0.05813458012546151,0.3503695464333596
0,0.9424065903429516,0.7808024078880043
1,0.578502237634368,0.43547430563007966
0,0.6493610147435078,0.9670656238657769
2,0.9001673452361222,0.4865130596576862
1,0.1015648829501941,0.3832155292504731
0,0.8113266402819868,0.5704328520102829
0,0.9618016151211076,0.04529340734839919
0,0.7078579411408064,0.15999751049428212
4,0.2323079389904886,0.14052536167199645
0,0.7347448713326864,0.9041465264504507
1,0.11921439594395525,0.4153171428272417
3,0.4292917695487858,0.7860030510526458
4,0.0977672068119945,0.16744957492883183
4,0.21127025635446836,0.17272312065424686
4,0.4770838048887332,0.22435456146315746
4,0.2724273662518145,0.1910385298567165
4,0.12212797575875631,0.2519367793281894
4,0.23925254887126707,0.1995477917402395
4,0.22561126703635556,0.10829614635502578
3,0.6037744852623049,0.7934607030840892
1,0.041136463444868675,0.41465623189949075
1,0.5332066897075965,0.4458687678821898
1,0.07822462291210441,0.39721335723455253
0,0.3283027149984173,0.32166983863435106
2,0.860864509090764,0.5267920245914315
0,0.9159032374951545,0.6332235295412794
3,0.4310516523492243,0.7371685108079146
0,0.5955511434850856,0.09943840374714538
1,0.5432668259996597,0.43348016950610296
0,0.4879406707442616,0.9987564493692406
1,0.7824174943361796,0.4059349730384178
1,0.12815439629152514,0.4863570946863553
4,0.23963441441613442,0.25341822872458375
4,0.26733798746273413,0.12281269704542241
0,0.6938558805675491,0.9249407639339619
4,0.3212303314974649,0.2304512702483542
4,0.31717924297033645,0.1885549849031702
0,0.6231439628511959,0.15244234587832797
4,0.20641136687418413,0.10994540683678722
0,0.01683157606745888,0.84414243409733
3,0.23964327610902683,0.7268143348179348
0,0.43283272000865436,0.5860354964914674
4,0.21671479455110543,0.16806451484982896
1,0.14435629014703186,0.36383837187888424
0,0.5769641620787431,0.9740124308702578
3,0.30787171695022814,0.7872860747088706
1,0.12692841240440778,0.520960826760911
0,0.7378343541640772,0.6477976130200901
3,0.3648456321072228,0.7095609976771182
4,0.36592301767716723,0.16072430861474335
4,0.37631125772662516,0.2623460563086199
0,0.7976937319873537,0.28379169786308533
0,0.9546297387032351,0.6848822508348181
1,0.13153152970635237,0.3334243022003392
4,0.4526266280611629,0.17154516216752586
3,0.45533358982272126,0.7486489105130744
